0	0 0 0 1 0 0
0.02	0 0 0 1 0.02 0
0.04	0 0 0 0.999999 0.04 0
0.06	0 0 0 0.999995 0.0599998 0
0.08	0 0 0 0.999984 0.0799993 0
0.1	0 0 0 0.99996 0.0999977 0
0.12	0 0 0 0.999917 0.119994 0
0.14	0 0 0 0.999845 0.139987 0
0.16	0 0 0 0.999735 0.159975 0
0.18	0 0 0 0.999576 0.179955 0
0.2	0 0 0 0.999356 0.199924 0
0.22	0 0 0 0.99906 0.219877 0
0.24	0 0 0 0.998675 0.239811 0
0.26	0 0 0 0.998184 0.25972 0
0.28	0 0 0 0.997572 0.279597 0
0.3	0 0 0 0.996821 0.299435 0
0.32	0 0 0 0.995914 0.319227 0
0.34	0 0 0 0.994832 0.338962 0
0.36	0 0 0 0.993557 0.358631 0
0.38	0 0 0 0.99207 0.378224 0
0.4	0 0 0 0.990353 0.397729 0
0.42	0 0 0 0.988386 0.417134 0
0.44	0 0 0 0.98615 0.436426 0
0.46	0 0 0 0.983628 0.455591 0
0.48	0 0 0 0.980801 0.474614 0
0.5	0 0 0 0.977651 0.493481 0
0.52	0 0 0 0.974162 0.512177 0
0.54	0 0 0 0.970316 0.530686 0
0.56	0 0 0 0.966099 0.548991 0
0.58	0 0 0 0.961495 0.567077 0
0.6	0 0 0 0.95649 0.584926 0
0.62	0 0 0 0.951072 0.602522 0
0.64	0 0 0 0.945228 0.619849 0
0.66	0 0 0 0.938949 0.63689 0
0.68	0 0 0 0.932224 0.653629 0
0.7	0 0 0 0.925045 0.67005 0
0.72	0 0 0 0.917406 0.686137 0
0.74	0 0 0 0.9093 0.701875 0
0.76	0 0 0 0.900724 0.71725 0
0.78	0 0 0 0.891673 0.732247 0
0.8	0 0 0 0.882147 0.746855 0
0.82	0 0 0 0.872146 0.761059 0
0.84	0 0 0 0.861669 0.774849 0
0.86	0 0 0 0.850721 0.788214 0
0.88	0 0 0 0.839303 0.801145 0
0.9	0 0 0 0.827422 0.813633 0
0.92	0 0 0 0.815083 0.825672 0
0.94	0 0 0 0.802294 0.837254 0
0.96	0 0 0 0.789064 0.848375 0
0.98	0 0 0 0.775401 0.859032 0
1	0 0 0 0.761317 0.869222 0
1.02	0 0 0 0.746823 0.878944 0
1.04	0 0 0 0.731932 0.888198 0
1.06	0 0 0 0.716657 0.896987 0
1.08	0 0 0 0.701012 0.905313 0
1.1	0 0 0 0.685012 0.91318 0
1.12	0 0 0 0.668672 0.920594 0
1.14	0 0 0 0.652008 0.927562 0
1.16	0 0 0 0.635036 0.934093 0
1.18	0 0 0 0.617774 0.940195 0
1.2	0 0 0 0.600236 0.945879 0
1.22	0 0 0 0.582441 0.951157 0
1.24	0 0 0 0.564405 0.956041 0
1.26	0 0 0 0.546145 0.960546 0
1.28	0 0 0 0.527678 0.964686 0
1.3	0 0 0 0.509019 0.968477 0
1.32	0 0 0 0.490185 0.971934 0
1.34	0 0 0 0.471192 0.975075 0
1.36	0 0 0 0.452054 0.977918 0
1.38	0 0 0 0.432787 0.980479 0
1.4	0 0 0 0.413403 0.982778 0
1.42	0 0 0 0.393917 0.984833 0
1.44	0 0 0 0.374341 0.986663 0
1.46	0 0 0 0.354686 0.988286 0
1.48	0 0 0 0.334964 0.98972 0
1.5	0 0 0 0.315184 0.990985 0
1.52	0 0 0 0.295356 0.992097 0
1.54	0 0 0 0.275488 0.993075 0
1.56	0 0 0 0.255587 0.993935 0
1.58	0 0 0 0.23566 0.994693 0
1.6	0 0 0 0.215712 0.995365 0
1.62	0 0 0 0.195749 0.995964 0
1.64	0 0 0 0.175774 0.996504 0
1.66	0 0 0 0.155791 0.996998 0
1.68	0 0 0 0.135803 0.997456 0
1.7	0 0 0 0.11581 0.997887 0
1.72	0 0 0 0.0958159 0.9983 0
1.74	0 0 0 0.0758204 0.998702 0
1.76	0 0 0 0.0558244 0.999097 0
1.78	0 0 0 0.0358283 0.99949 0
1.8	0 0 0 0.0158321 0.999882 0
1.82	0 0 0 -0.00416402 1.00027 0
1.84	0 0 0 -0.0241602 1.00066 0
1.86	0 0 0 -0.0441562 1.00105 0
1.88	0 0 0 -0.0641519 1.00143 0
1.9	0 0 0 -0.0841467 1.0018 0
1.92	0 0 0 -0.10414 1.00214 0
1.94	0 0 0 -0.12413 1.00245 0
1.96	0 0 0 -0.144115 1.00273 0
1.98	0 0 0 -0.164092 1.00295 0
2	0 0 0 -0.184059 1.00311 0
2.02	0 0 0 -0.204012 1.00319 0
2.04	0 0 0 -0.223946 1.00317 0
2.06	0 0 0 -0.243855 1.00305 0
2.08	0 0 0 -0.263734 1.00281 0
2.1	0 0 0 -0.283576 1.00242 0
2.12	0 0 0 -0.303371 1.00186 0
2.14	0 0 0 -0.323113 1.00113 0
2.16	0 0 0 -0.342791 1.00021 0
2.18	0 0 0 -0.362395 0.999062 0
2.2	0 0 0 -0.381913 0.997681 0
2.22	0 0 0 -0.401333 0.996045 0
2.24	0 0 0 -0.420643 0.994135 0
2.26	0 0 0 -0.439829 0.991933 0
2.28	0 0 0 -0.458877 0.989419 0
2.3	0 0 0 -0.477772 0.986577 0
2.32	0 0 0 -0.4965 0.983388 0
2.34	0 0 0 -0.515045 0.979836 0
2.36	0 0 0 -0.53339 0.975906 0
2.38	0 0 0 -0.551521 0.971582 0
2.4	0 0 0 -0.56942 0.96685 0
2.42	0 0 0 -0.587071 0.961697 0
2.44	0 0 0 -0.604458 0.956112 0
2.46	0 0 0 -0.621565 0.950084 0
2.48	0 0 0 -0.638375 0.943602 0
2.5	0 0 0 -0.654873 0.936659 0
2.52	0 0 0 -0.671044 0.929248 0
2.54	0 0 0 -0.686873 0.921362 0
2.56	0 0 0 -0.702344 0.912998 0
2.58	0 0 0 -0.717445 0.904152 0
2.6	0 0 0 -0.732163 0.894823 0
2.62	0 0 0 -0.746485 0.885011 0
2.64	0 0 0 -0.7604 0.874716 0
2.66	0 0 0 -0.773898 0.863941 0
2.68	0 0 0 -0.786969 0.85269 0
2.7	0 0 0 -0.799605 0.840967 0
2.72	0 0 0 -0.811799 0.82878 0
2.74	0 0 0 -0.823545 0.816135 0
2.76	0 0 0 -0.834838 0.80304 0
2.78	0 0 0 -0.845674 0.789507 0
2.8	0 0 0 -0.856051 0.775545 0
2.82	0 0 0 -0.865969 0.761167 0
2.84	0 0 0 -0.875427 0.746385 0
2.86	0 0 0 -0.884427 0.731213 0
2.88	0 0 0 -0.892972 0.715664 0
2.9	0 0 0 -0.901067 0.699754 0
2.92	0 0 0 -0.908716 0.683499 0
2.94	0 0 0 -0.915928 0.666914 0
2.96	0 0 0 -0.922709 0.650016 0
2.98	0 0 0 -0.92907 0.632822 0
3	0 0 0 -0.93502 0.615348 0
3.02	0 0 0 -0.940572 0.597611 0
3.04	0 0 0 -0.945737 0.579629 0
3.06	0 0 0 -0.95053 0.561419 0
3.08	0 0 0 -0.954965 0.542998 0
3.1	0 0 0 -0.959057 0.524382 0
3.12	0 0 0 -0.962823 0.505587 0
3.14	0 0 0 -0.966279 0.486629 0
3.16	0 0 0 -0.969442 0.467524 0
3.18	0 0 0 -0.97233 0.448287 0
3.2	0 0 0 -0.974962 0.428931 0
3.22	0 0 0 -0.977355 0.40947 0
3.24	0 0 0 -0.979528 0.389917 0
3.26	0 0 0 -0.981499 0.370284 0
3.28	0 0 0 -0.983286 0.350581 0
3.3	0 0 0 -0.984909 0.330819 0
3.32	0 0 0 -0.986383 0.311008 0
3.34	0 0 0 -0.987727 0.291156 0
3.36	0 0 0 -0.988956 0.27127 0
3.38	0 0 0 -0.990088 0.251357 0
3.4	0 0 0 -0.991136 0.231423 0
3.42	0 0 0 -0.992114 0.211472 0
3.44	0 0 0 -0.993037 0.19151 0
3.46	0 0 0 -0.993915 0.171539 0
3.48	0 0 0 -0.994758 0.151562 0
3.5	0 0 0 -0.995578 0.131582 0
3.52	0 0 0 -0.99638 0.111599 0
3.54	0 0 0 -0.997172 0.0916148 0
3.56	0 0 0 -0.997959 0.0716303 0
3.58	0 0 0 -0.998743 0.0516457 0
3.6	0 0 0 -0.999527 0.0316611 0
3.62	0 0 0 -1.00031 0.0116765 0
3.64	0 0 0 -1.00109 -0.00830818 0
3.66	0 0 0 -1.00187 -0.0282928 0
3.68	0 0 0 -1.00264 -0.0482771 0
3.7	0 0 0 -1.00339 -0.0682607 0
3.72	0 0 0 -1.00413 -0.0882428 0
3.74	0 0 0 -1.00482 -0.108222 0
3.76	0 0 0 -1.00548 -0.128197 0
3.78	0 0 0 -1.00608 -0.148165 0
3.8	0 0 0 -1.00662 -0.168123 0
3.82	0 0 0 -1.00707 -0.188067 0
3.84	0 0 0 -1.00743 -0.207993 0
3.86	0 0 0 -1.00768 -0.227897 0
3.88	0 0 0 -1.0078 -0.247771 0
3.9	0 0 0 -1.00777 -0.267608 0
3.92	0 0 0 -1.00757 -0.287403 0
3.94	0 0 0 -1.00719 -0.307144 0
3.96	0 0 0 -1.00661 -0.326824 0
3.98	0 0 0 -1.00581 -0.346432 0
4	0 0 0 -1.00476 -0.365957 0
4.02	0 0 0 -1.00346 -0.385386 0
4.04	0 0 0 -1.00187 -0.404709 0
4.06	0 0 0 -0.999987 -0.42391 0
4.08	0 0 0 -0.997786 -0.442978 0
4.1	0 0 0 -0.99525 -0.461896 0
4.12	0 0 0 -0.992361 -0.480651 0
4.14	0 0 0 -0.989102 -0.499226 0
4.16	0 0 0 -0.985458 -0.517608 0
4.18	0 0 0 -0.981414 -0.535778 0
4.2	0 0 0 -0.976955 -0.553723 0
4.22	0 0 0 -0.972068 -0.571425 0
4.24	0 0 0 -0.96674 -0.588868 0
4.26	0 0 0 -0.960963 -0.606036 0
4.28	0 0 0 -0.954724 -0.622915 0
4.3	0 0 0 -0.948017 -0.639487 0
4.32	0 0 0 -0.940834 -0.655738 0
4.34	0 0 0 -0.933169 -0.671653 0
4.36	0 0 0 -0.925017 -0.687219 0
4.38	0 0 0 -0.916377 -0.702421 0
4.4	0 0 0 -0.907246 -0.717247 0
4.42	0 0 0 -0.897623 -0.731684 0
4.44	0 0 0 -0.887511 -0.745722 0
4.46	0 0 0 -0.876911 -0.759351 0
4.48	0 0 0 -0.865827 -0.77256 0
4.5	0 0 0 -0.854265 -0.785342 0
4.52	0 0 0 -0.84223 -0.797691 0
4.54	0 0 0 -0.82973 -0.809598 0
4.56	0 0 0 -0.816775 -0.821061 0
4.58	0 0 0 -0.803373 -0.832076 0
4.6	0 0 0 -0.789536 -0.84264 0
4.62	0 0 0 -0.775276 -0.852752 0
4.64	0 0 0 -0.760606 -0.862413 0
4.66	0 0 0 -0.745539 -0.871624 0
4.68	0 0 0 -0.73009 -0.880389 0
4.7	0 0 0 -0.714274 -0.888711 0
4.72	0 0 0 -0.698107 -0.896595 0
4.74	0 0 0 -0.681604 -0.90405 0
4.76	0 0 0 -0.664784 -0.911082 0
4.78	0 0 0 -0.647662 -0.917702 0
4.8	0 0 0 -0.630255 -0.923918 0
4.82	0 0 0 -0.612582 -0.929744 0
4.84	0 0 0 -0.594659 -0.93519 0
4.86	0 0 0 -0.576504 -0.940271 0
4.88	0 0 0 -0.558134 -0.945001 0
4.9	0 0 0 -0.539565 -0.949395 0
4.92	0 0 0 -0.520815 -0.95347 0
4.94	0 0 0 -0.501898 -0.957241 0
4.96	0 0 0 -0.482832 -0.960725 0
4.98	0 0 0 -0.46363 -0.963941 0
5	0 0 0 -0.444308 -0.966905 0
5.02	0 0 0 -0.424879 -0.969637 0
5.04	0 0 0 -0.405355 -0.972153 0
5.06	0 0 0 -0.38575 -0.974473 0
5.08	0 0 0 -0.366074 -0.976615 0
5.1	0 0 0 -0.346337 -0.978595 0
5.12	0 0 0 -0.32655 -0.980432 0
5.14	0 0 0 -0.30672 -0.982142 0
5.16	0 0 0 -0.286856 -0.983742 0
5.18	0 0 0 -0.266964 -0.985246 0
5.2	0 0 0 -0.247051 -0.986671 0
5.22	0 0 0 -0.22712 -0.988029 0
5.24	0 0 0 -0.207178 -0.989333 0
5.26	0 0 0 -0.187227 -0.990595 0
5.28	0 0 0 -0.167269 -0.991826 0
5.3	0 0 0 -0.147308 -0.993033 0
5.32	0 0 0 -0.127344 -0.994224 0
5.34	0 0 0 -0.10738 -0.995407 0
5.36	0 0 0 -0.0874145 -0.996584 0
5.38	0 0 0 -0.0674491 -0.99776 0
5.4	0 0 0 -0.0474837 -0.998936 0
5.42	0 0 0 -0.0275183 -1.00011 0
5.44	0 0 0 -0.00755279 -1.00129 0
5.46	0 0 0 0.0124127 -1.00245 0
5.48	0 0 0 0.0323781 -1.00361 0
5.5	0 0 0 0.0523429 -1.00475 0
5.52	0 0 0 0.0723065 -1.00587 0
5.54	0 0 0 0.0922677 -1.00695 0
5.56	0 0 0 0.112225 -1.00799 0
5.58	0 0 0 0.132176 -1.00898 0
5.6	0 0 0 0.152117 -1.00989 0
5.62	0 0 0 0.172046 -1.01072 0
5.64	0 0 0 0.191958 -1.01145 0
5.66	0 0 0 0.211848 -1.01206 0
5.68	0 0 0 0.23171 -1.01254 0
5.7	0 0 0 0.251538 -1.01287 0
5.72	0 0 0 0.271323 -1.01303 0
5.74	0 0 0 0.291058 -1.013 0
5.76	0 0 0 0.310734 -1.01276 0
5.78	0 0 0 0.33034 -1.0123 0
5.8	0 0 0 0.349865 -1.01159 0
5.82	0 0 0 0.369298 -1.01061 0
5.84	0 0 0 0.388627 -1.00935 0
5.86	0 0 0 0.407839 -1.00779 0
5.88	0 0 0 0.42692 -1.0059 0
5.9	0 0 0 0.445856 -1.00367 0
5.92	0 0 0 0.464633 -1.00108 0
5.94	0 0 0 0.483235 -0.998111 0
5.96	0 0 0 0.501647 -0.994753 0
5.98	0 0 0 0.519853 -0.990988 0
6	0 0 0 0.537839 -0.986801 0
6.02	0 0 0 0.555587 -0.982178 0
6.04	0 0 0 0.573082 -0.977109 0
6.06	0 0 0 0.590309 -0.971582 0
6.08	0 0 0 0.607251 -0.965586 0
6.1	0 0 0 0.623894 -0.959115 0
6.12	0 0 0 0.640223 -0.95216 0
6.14	0 0 0 0.656222 -0.944716 0
6.16	0 0 0 0.671879 -0.936778 0
6.18	0 0 0 0.687179 -0.928343 0
6.2	0 0 0 0.70211 -0.91941 0
6.22	0 0 0 0.716661 -0.909979 0
6.24	0 0 0 0.73082 -0.90005 0
6.26	0 0 0 0.744577 -0.889626 0
6.28	0 0 0 0.757923 -0.878711 0
6.3	0 0 0 0.77085 -0.86731 0
6.32	0 0 0 0.78335 -0.855429 0
6.34	0 0 0 0.795419 -0.843077 0
6.36	0 0 0 0.807051 -0.830262 0
6.38	0 0 0 0.818243 -0.816994 0
6.4	0 0 0 0.828993 -0.803285 0
6.42	0 0 0 0.839299 -0.789146 0
6.44	0 0 0 0.849162 -0.77459 0
6.46	0 0 0 0.858584 -0.759632 0
6.48	0 0 0 0.867567 -0.744285 0
6.5	0 0 0 0.876116 -0.728566 0
6.52	0 0 0 0.884235 -0.712491 0
6.54	0 0 0 0.891933 -0.696075 0
6.56	0 0 0 0.899216 -0.679336 0
6.58	0 0 0 0.906094 -0.66229 0
6.6	0 0 0 0.912577 -0.644956 0
6.62	0 0 0 0.918676 -0.62735 0
6.64	0 0 0 0.924404 -0.609491 0
6.66	0 0 0 0.929773 -0.591396 0
6.68	0 0 0 0.934799 -0.573082 0
6.7	0 0 0 0.939496 -0.554566 0
6.72	0 0 0 0.943879 -0.535866 0
6.74	0 0 0 0.947965 -0.516996 0
6.76	0 0 0 0.951771 -0.497974 0
6.78	0 0 0 0.955314 -0.478815 0
6.8	0 0 0 0.958612 -0.459532 0
6.82	0 0 0 0.961682 -0.44014 0
6.84	0 0 0 0.964543 -0.420653 0
6.86	0 0 0 0.967212 -0.401082 0
6.88	0 0 0 0.969708 -0.381438 0
6.9	0 0 0 0.972046 -0.361734 0
6.92	0 0 0 0.974246 -0.341977 0
6.94	0 0 0 0.976322 -0.322177 0
6.96	0 0 0 0.978292 -0.302342 0
6.98	0 0 0 0.980171 -0.282479 0
7	0 0 0 0.981972 -0.262593 0
7.02	0 0 0 0.98371 -0.242691 0
7.04	0 0 0 0.985396 -0.222776 0
7.06	0 0 0 0.987042 -0.202851 0
7.08	0 0 0 0.988658 -0.182921 0
7.1	0 0 0 0.990253 -0.162987 0
7.12	0 0 0 0.991834 -0.14305 0
7.14	0 0 0 0.993406 -0.123112 0
7.16	0 0 0 0.994975 -0.103174 0
7.18	0 0 0 0.996542 -0.0832352 0
7.2	0 0 0 0.998109 -0.0632967 0
7.22	0 0 0 0.999676 -0.0433582 0
7.24	0 0 0 1.00124 -0.0234195 0
7.26	0 0 0 1.0028 -0.00348075 0
7.28	0 0 0 1.00435 0.0164581 0
7.3	0 0 0 1.00587 0.0363966 0
7.32	0 0 0 1.00738 0.0563342 0
7.34	0 0 0 1.00884 0.0762698 0
7.36	0 0 0 1.01026 0.0962018 0
7.38	0 0 0 1.01163 0.116128 0
7.4	0 0 0 1.01291 0.136046 0
7.42	0 0 0 1.01412 0.155953 0
7.44	0 0 0 1.01521 0.175843 0
7.46	0 0 0 1.01619 0.195713 0
7.48	0 0 0 1.01704 0.215557 0
7.5	0 0 0 1.01772 0.235367 0
7.52	0 0 0 1.01824 0.255138 0
7.54	0 0 0 1.01856 0.27486 0
7.56	0 0 0 1.01866 0.294524 0
7.58	0 0 0 1.01854 0.314122 0
7.6	0 0 0 1.01816 0.333642 0
7.62	0 0 0 1.01752 0.353073 0
7.64	0 0 0 1.01658 0.372403 0
7.66	0 0 0 1.01533 0.391619 0
7.68	0 0 0 1.01375 0.410709 0
7.7	0 0 0 1.01183 0.429657 0
7.72	0 0 0 1.00953 0.44845 0
7.74	0 0 0 1.00686 0.467074 0
7.76	0 0 0 1.00379 0.485512 0
7.78	0 0 0 1.0003 0.50375 0
7.8	0 0 0 0.996384 0.521772 0
7.82	0 0 0 0.992026 0.539563 0
7.84	0 0 0 0.987214 0.557106 0
7.86	0 0 0 0.981937 0.574387 0
7.88	0 0 0 0.976185 0.59139 0
7.9	0 0 0 0.969949 0.6081 0
7.92	0 0 0 0.963222 0.624503 0
7.94	0 0 0 0.955999 0.640583 0
7.96	0 0 0 0.948275 0.656328 0
7.98	0 0 0 0.940046 0.671724 0
8	0 0 0 0.931312 0.686758 0
8.02	0 0 0 0.922072 0.70142 0
8.04	0 0 0 0.912328 0.715697 0
8.06	0 0 0 0.902081 0.729581 0
8.08	0 0 0 0.891336 0.743062 0
8.1	0 0 0 0.880098 0.756131 0
8.12	0 0 0 0.868374 0.768783 0
8.14	0 0 0 0.856171 0.781012 0
8.16	0 0 0 0.843499 0.792811 0
8.18	0 0 0 0.830367 0.80418 0
8.2	0 0 0 0.816787 0.815114 0
8.22	0 0 0 0.802772 0.825613 0
8.24	0 0 0 0.788333 0.835678 0
8.26	0 0 0 0.773487 0.845309 0
8.28	0 0 0 0.758246 0.854511 0
8.3	0 0 0 0.742628 0.863286 0
8.32	0 0 0 0.726647 0.871641 0
8.34	0 0 0 0.710322 0.879581 0
8.36	0 0 0 0.693668 0.887115 0
8.38	0 0 0 0.676703 0.894251 0
8.4	0 0 0 0.659445 0.901001 0
8.42	0 0 0 0.641912 0.907374 0
8.44	0 0 0 0.624122 0.913383 0
8.46	0 0 0 0.606091 0.919041 0
8.48	0 0 0 0.587839 0.924362 0
8.5	0 0 0 0.569381 0.929361 0
8.52	0 0 0 0.550736 0.934053 0
8.54	0 0 0 0.531919 0.938455 0
8.56	0 0 0 0.512947 0.942583 0
8.58	0 0 0 0.493835 0.946454 0
8.6	0 0 0 0.474599 0.950085 0
8.62	0 0 0 0.455251 0.953495 0
8.64	0 0 0 0.435806 0.9567 0
8.66	0 0 0 0.416276 0.959719 0
8.68	0 0 0 0.396672 0.962568 0
8.7	0 0 0 0.377006 0.965265 0
8.72	0 0 0 0.357287 0.967827 0
8.74	0 0 0 0.337524 0.970271 0
8.76	0 0 0 0.317725 0.972611 0
8.78	0 0 0 0.297898 0.974863 0
8.8	0 0 0 0.278048 0.977041 0
8.82	0 0 0 0.25818 0.979157 0
8.84	0 0 0 0.2383 0.981226 0
8.86	0 0 0 0.21841 0.983256 0
8.88	0 0 0 0.198514 0.985258 0
8.9	0 0 0 0.178614 0.98724 0
8.92	0 0 0 0.158712 0.98921 0
8.94	0 0 0 0.138809 0.991172 0
8.96	0 0 0 0.118905 0.99313 0
8.98	0 0 0 0.099001 0.995088 0
9	0 0 0 0.079097 0.997046 0
9.02	0 0 0 0.059193 0.999003 0
9.04	0 0 0 0.0392888 1.00096 0
9.06	0 0 0 0.0193844 1.0029 0
9.08	0 0 0 -0.000520315 1.00484 0
9.1	0 0 0 -0.020425 1.00675 0
9.12	0 0 0 -0.0403291 1.00864 0
9.14	0 0 0 -0.0602317 1.01049 0
9.16	0 0 0 -0.0801314 1.01229 0
9.18	0 0 0 -0.100026 1.01403 0
9.2	0 0 0 -0.119914 1.0157 0
9.22	0 0 0 -0.13979 1.01727 0
9.24	0 0 0 -0.159652 1.01874 0
9.26	0 0 0 -0.179495 1.02008 0
9.28	0 0 0 -0.199313 1.02128 0
9.3	0 0 0 -0.2191 1.02233 0
9.32	0 0 0 -0.238849 1.02319 0
9.34	0 0 0 -0.258551 1.02386 0
9.36	0 0 0 -0.278199 1.02431 0
9.38	0 0 0 -0.297783 1.02452 0
9.4	0 0 0 -0.317291 1.02448 0
9.42	0 0 0 -0.336714 1.02416 0
9.44	0 0 0 -0.35604 1.02354 0
9.46	0 0 0 -0.375255 1.02261 0
9.48	0 0 0 -0.394347 1.02134 0
9.5	0 0 0 -0.413303 1.01972 0
9.52	0 0 0 -0.432108 1.01773 0
9.54	0 0 0 -0.450748 1.01534 0
9.56	0 0 0 -0.469208 1.01256 0
9.58	0 0 0 -0.487472 1.00935 0
9.6	0 0 0 -0.505527 1.0057 0
9.62	0 0 0 -0.523356 1.00161 0
9.64	0 0 0 -0.540944 0.997052 0
9.66	0 0 0 -0.558275 0.992025 0
9.68	0 0 0 -0.575335 0.986515 0
9.7	0 0 0 -0.592109 0.980515 0
9.72	0 0 0 -0.608583 0.974017 0
9.74	0 0 0 -0.624741 0.967015 0
9.76	0 0 0 -0.640571 0.959504 0
9.78	0 0 0 -0.65606 0.951483 0
9.8	0 0 0 -0.671195 0.942948 0
9.82	0 0 0 -0.685965 0.933901 0
9.84	0 0 0 -0.70036 0.924342 0
9.86	0 0 0 -0.714368 0.914273 0
9.88	0 0 0 -0.727982 0.9037 0
9.9	0 0 0 -0.741193 0.892626 0
9.92	0 0 0 -0.753994 0.88106 0
9.94	0 0 0 -0.76638 0.869008 0
9.96	0 0 0 -0.778347 0.85648 0
9.98	0 0 0 -0.78989 0.843487 0
10	0 0 0 -0.801008 0.830039 0
10.02	0 0 0 -0.8117 0.81615 0
10.04	0 0 0 -0.821965 0.801832 0
10.06	0 0 0 -0.831806 0.7871 0
10.08	0 0 0 -0.841225 0.771969 0
10.1	0 0 0 -0.850227 0.756454 0
10.12	0 0 0 -0.858815 0.740572 0
10.14	0 0 0 -0.866998 0.724341 0
10.16	0 0 0 -0.874783 0.707776 0
10.18	0 0 0 -0.882178 0.690897 0
10.2	0 0 0 -0.889193 0.67372 0
10.22	0 0 0 -0.89584 0.656264 0
10.24	0 0 0 -0.90213 0.638546 0
10.26	0 0 0 -0.908077 0.620586 0
10.28	0 0 0 -0.913694 0.6024 0
10.3	0 0 0 -0.918996 0.584006 0
10.32	0 0 0 -0.923997 0.565422 0
10.34	0 0 0 -0.928715 0.546663 0
10.36	0 0 0 -0.933164 0.527747 0
10.38	0 0 0 -0.937363 0.50869 0
10.4	0 0 0 -0.941329 0.489505 0
10.42	0 0 0 -0.945077 0.470208 0
10.44	0 0 0 -0.948627 0.450812 0
10.46	0 0 0 -0.951995 0.431329 0
10.48	0 0 0 -0.955198 0.411772 0
10.5	0 0 0 -0.958254 0.392151 0
10.52	0 0 0 -0.961179 0.372477 0
10.54	0 0 0 -0.963988 0.352758 0
10.56	0 0 0 -0.966699 0.333002 0
10.58	0 0 0 -0.969324 0.313218 0
10.6	0 0 0 -0.971878 0.29341 0
10.62	0 0 0 -0.974374 0.273585 0
10.64	0 0 0 -0.976824 0.253747 0
10.66	0 0 0 -0.979238 0.233899 0
10.68	0 0 0 -0.981625 0.214046 0
10.7	0 0 0 -0.983994 0.194188 0
10.72	0 0 0 -0.986352 0.174328 0
10.74	0 0 0 -0.988703 0.154467 0
10.76	0 0 0 -0.991051 0.134605 0
10.78	0 0 0 -0.993399 0.114743 0
10.8	0 0 0 -0.995746 0.0948814 0
10.82	0 0 0 -0.998093 0.0750196 0
10.84	0 0 0 -1.00044 0.0551575 0
10.86	0 0 0 -1.00277 0.0352949 0
10.88	0 0 0 -1.00509 0.0154319 0
10.9	0 0 0 -1.00739 -0.00443143 0
10.92	0 0 0 -1.00966 -0.0242946 0
10.94	0 0 0 -1.0119 -0.0441569 0
10.96	0 0 0 -1.01408 -0.0640169 0
10.98	0 0 0 -1.01619 -0.0838728 0
11	0 0 0 -1.01823 -0.103722 0
11.02	0 0 0 -1.02017 -0.123562 0
11.04	0 0 0 -1.02201 -0.143389 0
11.06	0 0 0 -1.02371 -0.163198 0
11.08	0 0 0 -1.02528 -0.182984 0
11.1	0 0 0 -1.02668 -0.20274 0
11.12	0 0 0 -1.02789 -0.222461 0
11.14	0 0 0 -1.02891 -0.242138 0
11.16	0 0 0 -1.0297 -0.261762 0
11.18	0 0 0 -1.03025 -0.281325 0
11.2	0 0 0 -1.03054 -0.300817 0
11.22	0 0 0 -1.03055 -0.320226 0
11.24	0 0 0 -1.03025 -0.339541 0
11.26	0 0 0 -1.02963 -0.35875 0
11.28	0 0 0 -1.02867 -0.37784 0
11.3	0 0 0 -1.02735 -0.396798 0
11.32	0 0 0 -1.02565 -0.41561 0
11.34	0 0 0 -1.02356 -0.434261 0
11.36	0 0 0 -1.02106 -0.452738 0
11.38	0 0 0 -1.01812 -0.471025 0
11.4	0 0 0 -1.01475 -0.489108 0
11.42	0 0 0 -1.01092 -0.506971 0
11.44	0 0 0 -1.00662 -0.524599 0
11.46	0 0 0 -1.00184 -0.541978 0
11.48	0 0 0 -0.996574 -0.559092 0
11.5	0 0 0 -0.990809 -0.575926 0
11.52	0 0 0 -0.98454 -0.592467 0
11.54	0 0 0 -0.977759 -0.608701 0
11.56	0 0 0 -0.970463 -0.624614 0
11.58	0 0 0 -0.962648 -0.640193 0
11.6	0 0 0 -0.954314 -0.655427 0
11.62	0 0 0 -0.94546 -0.670303 0
11.64	0 0 0 -0.936087 -0.684811 0
11.66	0 0 0 -0.926198 -0.698943 0
11.68	0 0 0 -0.915797 -0.712687 0
11.7	0 0 0 -0.90489 -0.726038 0
11.72	0 0 0 -0.893483 -0.738988 0
11.74	0 0 0 -0.881584 -0.751531 0
11.76	0 0 0 -0.869203 -0.763663 0
11.78	0 0 0 -0.85635 -0.77538 0
11.8	0 0 0 -0.843037 -0.786681 0
11.82	0 0 0 -0.829277 -0.797564 0
11.84	0 0 0 -0.815082 -0.808029 0
11.86	0 0 0 -0.800468 -0.818079 0
11.88	0 0 0 -0.785449 -0.827715 0
11.9	0 0 0 -0.770042 -0.836942 0
11.92	0 0 0 -0.754263 -0.845764 0
11.94	0 0 0 -0.738129 -0.854189 0
11.96	0 0 0 -0.721658 -0.862224 0
11.98	0 0 0 -0.704867 -0.869877 0
12	0 0 0 -0.687776 -0.877159 0
12.02	0 0 0 -0.670402 -0.88408 0
12.04	0 0 0 -0.652762 -0.890651 0
12.06	0 0 0 -0.634877 -0.896886 0
12.08	0 0 0 -0.616763 -0.902799 0
12.1	0 0 0 -0.598438 -0.908403 0
12.12	0 0 0 -0.57992 -0.913714 0
12.14	0 0 0 -0.561226 -0.918747 0
12.16	0 0 0 -0.542372 -0.923519 0
12.18	0 0 0 -0.523374 -0.928046 0
12.2	0 0 0 -0.504248 -0.932344 0
12.22	0 0 0 -0.485007 -0.936432 0
12.24	0 0 0 -0.465666 -0.940326 0
12.26	0 0 0 -0.446238 -0.944043 0
12.28	0 0 0 -0.426734 -0.947601 0
12.3	0 0 0 -0.407166 -0.951015 0
12.32	0 0 0 -0.387543 -0.954302 0
12.34	0 0 0 -0.367875 -0.957478 0
12.36	0 0 0 -0.34817 -0.960558 0
12.38	0 0 0 -0.328436 -0.963557 0
12.4	0 0 0 -0.308678 -0.966487 0
12.42	0 0 0 -0.288903 -0.969362 0
12.44	0 0 0 -0.269114 -0.972192 0
12.46	0 0 0 -0.249316 -0.974989 0
12.48	0 0 0 -0.229512 -0.977761 0
12.5	0 0 0 -0.209704 -0.980517 0
12.52	0 0 0 -0.189894 -0.983262 0
12.54	0 0 0 -0.170082 -0.986001 0
12.56	0 0 0 -0.15027 -0.988738 0
12.58	0 0 0 -0.130459 -0.991475 0
12.6	0 0 0 -0.110647 -0.994211 0
12.62	0 0 0 -0.0908346 -0.996946 0
12.64	0 0 0 -0.0710222 -0.999677 0
12.66	0 0 0 -0.0512091 -1.0024 0
12.68	0 0 0 -0.0313953 -1.00511 0
12.7	0 0 0 -0.0115808 -1.00779 0
12.72	0 0 0 0.00823409 -1.01045 0
12.74	0 0 0 0.0280486 -1.01306 0
12.76	0 0 0 0.0478617 -1.01561 0
12.78	0 0 0 0.0676716 -1.01811 0
12.8	0 0 0 0.0874761 -1.02052 0
12.82	0 0 0 0.107272 -1.02283 0
12.84	0 0 0 0.127057 -1.02503 0
12.86	0 0 0 0.146825 -1.0271 0
12.88	0 0 0 0.166572 -1.02902 0
12.9	0 0 0 0.186292 -1.03077 0
12.92	0 0 0 0.205978 -1.03234 0
12.94	0 0 0 0.225622 -1.0337 0
12.96	0 0 0 0.245218 -1.03483 0
12.98	0 0 0 0.264754 -1.03572 0
13	0 0 0 0.284223 -1.03634 0
13.02	0 0 0 0.303612 -1.03667 0
13.04	0 0 0 0.322911 -1.03669 0
13.06	0 0 0 0.342109 -1.03638 0
13.08	0 0 0 0.361191 -1.03573 0
13.1	0 0 0 0.380146 -1.03471 0
13.12	0 0 0 0.39896 -1.03331 0
13.14	0 0 0 0.417619 -1.03151 0
13.16	0 0 0 0.436108 -1.02928 0
13.18	0 0 0 0.454413 -1.02663 0
13.2	0 0 0 0.47252 -1.02352 0
13.22	0 0 0 0.490413 -1.01995 0
13.24	0 0 0 0.508078 -1.01591 0
13.26	0 0 0 0.5255 -1.01138 0
13.28	0 0 0 0.542664 -1.00636 0
13.3	0 0 0 0.559556 -1.00083 0
13.32	0 0 0 0.576162 -0.994787 0
13.34	0 0 0 0.592468 -0.988228 0
13.36	0 0 0 0.60846 -0.981146 0
13.38	0 0 0 0.624127 -0.97354 0
13.4	0 0 0 0.639457 -0.965406 0
13.42	0 0 0 0.654437 -0.956746 0
13.44	0 0 0 0.669058 -0.94756 0
13.46	0 0 0 0.68331 -0.937852 0
13.48	0 0 0 0.697184 -0.927625 0
13.5	0 0 0 0.710672 -0.916885 0
13.52	0 0 0 0.723769 -0.905639 0
13.54	0 0 0 0.736467 -0.893895 0
13.56	0 0 0 0.748764 -0.881663 0
13.58	0 0 0 0.760654 -0.868953 0
13.6	0 0 0 0.772136 -0.855777 0
13.62	0 0 0 0.78321 -0.842148 0
13.64	0 0 0 0.793874 -0.82808 0
13.66	0 0 0 0.804132 -0.813586 0
13.68	0 0 0 0.813984 -0.798683 0
13.7	0 0 0 0.823436 -0.783387 0
13.72	0 0 0 0.832492 -0.767714 0
13.74	0 0 0 0.841159 -0.751682 0
13.76	0 0 0 0.849444 -0.735308 0
13.78	0 0 0 0.857355 -0.718612 0
13.8	0 0 0 0.864902 -0.70161 0
13.82	0 0 0 0.872096 -0.684322 0
13.84	0 0 0 0.878949 -0.666766 0
13.86	0 0 0 0.885473 -0.64896 0
13.88	0 0 0 0.891681 -0.630923 0
13.9	0 0 0 0.897587 -0.612673 0
13.92	0 0 0 0.903207 -0.594227 0
13.94	0 0 0 0.908556 -0.575603 0
13.96	0 0 0 0.91365 -0.556817 0
13.98	0 0 0 0.918504 -0.537885 0
14	0 0 0 0.923136 -0.518823 0
14.02	0 0 0 0.927563 -0.499646 0
14.04	0 0 0 0.931801 -0.480367 0
14.06	0 0 0 0.935867 -0.461 0
14.08	0 0 0 0.939778 -0.441556 0
14.1	0 0 0 0.943551 -0.422046 0
14.12	0 0 0 0.9472 -0.402482 0
14.14	0 0 0 0.950742 -0.382872 0
14.16	0 0 0 0.954192 -0.363225 0
14.18	0 0 0 0.957563 -0.343548 0
14.2	0 0 0 0.960868 -0.323848 0
14.22	0 0 0 0.964121 -0.30413 0
14.24	0 0 0 0.967332 -0.284399 0
14.26	0 0 0 0.970512 -0.264658 0
14.28	0 0 0 0.973668 -0.244911 0
14.3	0 0 0 0.976809 -0.22516 0
14.32	0 0 0 0.97994 -0.205407 0
14.34	0 0 0 0.983067 -0.185653 0
14.36	0 0 0 0.986191 -0.165899 0
14.38	0 0 0 0.989316 -0.146144 0
14.4	0 0 0 0.99244 -0.12639 0
14.42	0 0 0 0.995563 -0.106635 0
14.44	0 0 0 0.998681 -0.0868798 0
14.46	0 0 0 1.00179 -0.0671237 0
14.48	0 0 0 1.00488 -0.0473666 0
14.5	0 0 0 1.00795 -0.0276083 0
14.52	0 0 0 1.01098 -0.00784914 0
14.54	0 0 0 1.01397 0.0119104 0
14.56	0 0 0 1.01691 0.0316692 0
14.58	0 0 0 1.01977 0.0514259 0
14.6	0 0 0 1.02255 0.0711784 0
14.62	0 0 0 1.02523 0.0909239 0
14.64	0 0 0 1.0278 0.110659 0
14.66	0 0 0 1.03023 0.13038 0
14.68	0 0 0 1.0325 0.150081 0
14.7	0 0 0 1.03461 0.169758 0
14.72	0 0 0 1.03652 0.189403 0
14.74	0 0 0 1.03823 0.209009 0
14.76	0 0 0 1.0397 0.228569 0
14.78	0 0 0 1.04092 0.248074 0
14.8	0 0 0 1.04187 0.267513 0
14.82	0 0 0 1.04252 0.286877 0
14.84	0 0 0 1.04286 0.306155 0
14.86	0 0 0 1.04287 0.325335 0
14.88	0 0 0 1.04252 0.344405 0
14.9	0 0 0 1.0418 0.363352 0
14.92	0 0 0 1.04069 0.382163 0
14.94	0 0 0 1.03918 0.400824 0
14.96	0 0 0 1.03724 0.419322 0
14.98	0 0 0 1.03486 0.437641 0
15	0 0 0 1.03202 0.455768 0
15.02	0 0 0 1.02871 0.473687 0
15.04	0 0 0 1.02493 0.491385 0
15.06	0 0 0 1.02065 0.508846 0
15.08	0 0 0 1.01586 0.526057 0
15.1	0 0 0 1.01057 0.543003 0
15.12	0 0 0 1.00476 0.559671 0
15.14	0 0 0 0.998418 0.576046 0
15.16	0 0 0 0.991551 0.592116 0
15.18	0 0 0 0.984152 0.607868 0
15.2	0 0 0 0.97622 0.623291 0
15.22	0 0 0 0.967755 0.638373 0
15.24	0 0 0 0.958757 0.653104 0
15.26	0 0 0 0.94923 0.667475 0
15.28	0 0 0 0.939179 0.681476 0
15.3	0 0 0 0.928608 0.695101 0
15.32	0 0 0 0.917525 0.708343 0
15.34	0 0 0 0.905938 0.721195 0
15.36	0 0 0 0.893857 0.733654 0
15.38	0 0 0 0.881292 0.745716 0
15.4	0 0 0 0.868256 0.75738 0
15.42	0 0 0 0.854761 0.768642 0
15.44	0 0 0 0.840821 0.779506 0
15.46	0 0 0 0.826451 0.78997 0
15.48	0 0 0 0.811667 0.800038 0
15.5	0 0 0 0.796485 0.809715 0
15.52	0 0 0 0.780923 0.819004 0
15.54	0 0 0 0.764996 0.827912 0
15.56	0 0 0 0.748725 0.836446 0
15.58	0 0 0 0.732126 0.844614 0
15.6	0 0 0 0.715219 0.852427 0
15.62	0 0 0 0.698022 0.859895 0
15.64	0 0 0 0.680554 0.867028 0
15.66	0 0 0 0.662833 0.87384 0
15.68	0 0 0 0.644879 0.880343 0
15.7	0 0 0 0.626708 0.886552 0
15.72	0 0 0 0.60834 0.892481 0
15.74	0 0 0 0.589792 0.898145 0
15.76	0 0 0 0.57108 0.90356 0
15.78	0 0 0 0.55222 0.908742 0
15.8	0 0 0 0.533229 0.913708 0
15.82	0 0 0 0.514121 0.918473 0
15.84	0 0 0 0.494911 0.923055 0
15.86	0 0 0 0.475611 0.92747 0
15.88	0 0 0 0.456233 0.931734 0
15.9	0 0 0 0.43679 0.935864 0
15.92	0 0 0 0.417292 0.939875 0
15.94	0 0 0 0.397747 0.943783 0
15.96	0 0 0 0.378165 0.947601 0
15.98	0 0 0 0.358553 0.951344 0
16	0 0 0 0.338917 0.955024 0
16.02	0 0 0 0.319264 0.958655 0
16.04	0 0 0 0.299597 0.962245 0
16.06	0 0 0 0.279921 0.965806 0
16.08	0 0 0 0.260239 0.969346 0
16.1	0 0 0 0.240552 0.972871 0
16.12	0 0 0 0.220864 0.976388 0
16.14	0 0 0 0.201175 0.9799 0
16.16	0 0 0 0.181486 0.983412 0
16.18	0 0 0 0.161797 0.986923 0
16.2	0 0 0 0.142107 0.990434 0
16.22	0 0 0 0.122417 0.993943 0
16.24	0 0 0 0.102727 0.997446 0
16.26	0 0 0 0.0830354 1.00094 0
16.28	0 0 0 0.0633424 1.00441 0
16.3	0 0 0 0.0436478 1.00786 0
16.32	0 0 0 0.0239517 1.01128 0
16.34	0 0 0 0.00425441 1.01464 0
16.36	0 0 0 -0.0154431 1.01795 0
16.38	0 0 0 -0.0351395 1.02119 0
16.4	0 0 0 -0.0548329 1.02434 0
16.42	0 0 0 -0.0745207 1.02739 0
16.44	0 0 0 -0.0941999 1.03031 0
16.46	0 0 0 -0.113866 1.0331 0
16.48	0 0 0 -0.133516 1.03573 0
16.5	0 0 0 -0.153142 1.03819 0
16.52	0 0 0 -0.17274 1.04045 0
16.54	0 0 0 -0.192302 1.0425 0
16.56	0 0 0 -0.211821 1.0443 0
16.58	0 0 0 -0.231287 1.04586 0
16.6	0 0 0 -0.250692 1.04713 0
16.62	0 0 0 -0.270025 1.0481 0
16.64	0 0 0 -0.289276 1.04876 0
16.66	0 0 0 -0.308434 1.04908 0
16.68	0 0 0 -0.327486 1.04904 0
16.7	0 0 0 -0.34642 1.04862 0
16.72	0 0 0 -0.365224 1.0478 0
16.74	0 0 0 -0.383883 1.04657 0
16.76	0 0 0 -0.402384 1.04491 0
16.78	0 0 0 -0.420712 1.04281 0
16.8	0 0 0 -0.438855 1.04024 0
16.82	0 0 0 -0.456797 1.03719 0
16.84	0 0 0 -0.474524 1.03366 0
16.86	0 0 0 -0.492022 1.02963 0
16.88	0 0 0 -0.509276 1.02509 0
16.9	0 0 0 -0.526273 1.02003 0
16.92	0 0 0 -0.542999 1.01444 0
16.94	0 0 0 -0.55944 1.00832 0
16.96	0 0 0 -0.575585 1.00167 0
16.98	0 0 0 -0.59142 0.994483 0
17	0 0 0 -0.606933 0.986753 0
17.02	0 0 0 -0.622115 0.978483 0
17.04	0 0 0 -0.636955 0.969674 0
17.06	0 0 0 -0.651442 0.96033 0
17.08	0 0 0 -0.66557 0.950455 0
17.1	0 0 0 -0.679329 0.940055 0
17.12	0 0 0 -0.692714 0.929137 0
17.14	0 0 0 -0.705719 0.917708 0
17.16	0 0 0 -0.71834 0.90578 0
17.18	0 0 0 -0.730573 0.893363 0
17.2	0 0 0 -0.742416 0.880469 0
17.22	0 0 0 -0.753867 0.867111 0
17.24	0 0 0 -0.764928 0.853303 0
17.26	0 0 0 -0.775598 0.83906 0
17.28	0 0 0 -0.785882 0.824398 0
17.3	0 0 0 -0.795782 0.809335 0
17.32	0 0 0 -0.805303 0.793886 0
17.34	0 0 0 -0.814452 0.778069 0
17.36	0 0 0 -0.823235 0.761903 0
17.38	0 0 0 -0.831661 0.745407 0
17.4	0 0 0 -0.839739 0.728599 0
17.42	0 0 0 -0.847479 0.711498 0
17.44	0 0 0 -0.854893 0.694123 0
17.46	0 0 0 -0.861992 0.676492 0
17.48	0 0 0 -0.86879 0.658626 0
17.5	0 0 0 -0.875301 0.640541 0
17.52	0 0 0 -0.881538 0.622256 0
17.54	0 0 0 -0.887518 0.603789 0
17.56	0 0 0 -0.893254 0.585157 0
17.58	0 0 0 -0.898763 0.566376 0
17.6	0 0 0 -0.904062 0.547462 0
17.62	0 0 0 -0.909165 0.52843 0
17.64	0 0 0 -0.91409 0.509294 0
17.66	0 0 0 -0.918854 0.490068 0
17.68	0 0 0 -0.923471 0.470765 0
17.7	0 0 0 -0.927958 0.451395 0
17.72	0 0 0 -0.93233 0.431969 0
17.74	0 0 0 -0.936602 0.412496 0
17.76	0 0 0 -0.940788 0.392986 0
17.78	0 0 0 -0.944902 0.373446 0
17.8	0 0 0 -0.948957 0.353882 0
17.82	0 0 0 -0.952964 0.334301 0
17.84	0 0 0 -0.956933 0.314706 0
17.86	0 0 0 -0.960874 0.295102 0
17.88	0 0 0 -0.964796 0.275492 0
17.9	0 0 0 -0.968704 0.255878 0
17.92	0 0 0 -0.972606 0.236263 0
17.94	0 0 0 -0.976503 0.216646 0
17.96	0 0 0 -0.9804 0.19703 0
17.98	0 0 0 -0.984297 0.177413 0
18	0 0 0 -0.988193 0.157796 0
18.02	0 0 0 -0.992086 0.138179 0
18.04	0 0 0 -0.995973 0.118561 0
18.06	0 0 0 -0.999848 0.098941 0
18.08	0 0 0 -1.0037 0.0793195 0
18.1	0 0 0 -1.00753 0.0596959 0
18.12	0 0 0 -1.01132 0.04007 0
18.14	0 0 0 -1.01507 0.0204423 0
18.16	0 0 0 -1.01875 0.000813322 0
18.18	0 0 0 -1.02236 -0.0188157 0
18.2	0 0 0 -1.02587 -0.0384431 0
18.22	0 0 0 -1.02928 -0.0580665 0
18.24	0 0 0 -1.03257 -0.0776829 0
18.26	0 0 0 -1.03572 -0.0972887 0
18.28	0 0 0 -1.0387 -0.116879 0
18.3	0 0 0 -1.04151 -0.13645 0
18.32	0 0 0 -1.04411 -0.155994 0
18.34	0 0 0 -1.0465 -0.175506 0
18.36	0 0 0 -1.04864 -0.194976 0
18.38	0 0 0 -1.05052 -0.214399 0
18.4	0 0 0 -1.05212 -0.233763 0
18.42	0 0 0 -1.05342 -0.25306 0
18.44	0 0 0 -1.05439 -0.272279 0
18.46	0 0 0 -1.05502 -0.291409 0
18.48	0 0 0 -1.05528 -0.310439 0
18.5	0 0 0 -1.05516 -0.329355 0
18.52	0 0 0 -1.05463 -0.348146 0
18.54	0 0 0 -1.05369 -0.366799 0
18.56	0 0 0 -1.05231 -0.385299 0
18.58	0 0 0 -1.05047 -0.403633 0
18.6	0 0 0 -1.04817 -0.421787 0
18.62	0 0 0 -1.04539 -0.439748 0
18.64	0 0 0 -1.04211 -0.4575 0
18.66	0 0 0 -1.03832 -0.475031 0
18.68	0 0 0 -1.03402 -0.492325 0
18.7	0 0 0 -1.0292 -0.50937 0
18.72	0 0 0 -1.02384 -0.526151 0
18.74	0 0 0 -1.01795 -0.542656 0
18.76	0 0 0 -1.01151 -0.558873 0
18.78	0 0 0 -1.00453 -0.574788 0
18.8	0 0 0 -0.997001 -0.59039 0
18.82	0 0 0 -0.988927 -0.605669 0
18.84	0 0 0 -0.980308 -0.620615 0
18.86	0 0 0 -0.971148 -0.635218 0
18.88	0 0 0 -0.961451 -0.649469 0
18.9	0 0 0 -0.951223 -0.663362 0
18.92	0 0 0 -0.940471 -0.676889 0
18.94	0 0 0 -0.929203 -0.690045 0
18.96	0 0 0 -0.91743 -0.702826 0
18.98	0 0 0 -0.905163 -0.715228 0
19	0 0 0 -0.892413 -0.727249 0
19.02	0 0 0 -0.879194 -0.738888 0
19.04	0 0 0 -0.865521 -0.750145 0
19.06	0 0 0 -0.851409 -0.761022 0
19.08	0 0 0 -0.836873 -0.771519 0
19.1	0 0 0 -0.821931 -0.781642 0
19.12	0 0 0 -0.806599 -0.791395 0
19.14	0 0 0 -0.790897 -0.800784 0
19.16	0 0 0 -0.774841 -0.809816 0
19.18	0 0 0 -0.758452 -0.818498 0
19.2	0 0 0 -0.741747 -0.826841 0
19.22	0 0 0 -0.724746 -0.834853 0
19.24	0 0 0 -0.707469 -0.842547 0
19.26	0 0 0 -0.689934 -0.849934 0
19.28	0 0 0 -0.672161 -0.857026 0
19.3	0 0 0 -0.654167 -0.863839 0
19.32	0 0 0 -0.635971 -0.870384 0
19.34	0 0 0 -0.617591 -0.876678 0
19.36	0 0 0 -0.599045 -0.882735 0
19.38	0 0 0 -0.580348 -0.888571 0
19.4	0 0 0 -0.561518 -0.894201 0
19.42	0 0 0 -0.542568 -0.899643 0
19.44	0 0 0 -0.523515 -0.904911 0
19.46	0 0 0 -0.50437 -0.910021 0
19.48	0 0 0 -0.485146 -0.914991 0
19.5	0 0 0 -0.465856 -0.919834 0
19.52	0 0 0 -0.44651 -0.924566 0
19.54	0 0 0 -0.427117 -0.929202 0
19.56	0 0 0 -0.407686 -0.933756 0
19.58	0 0 0 -0.388225 -0.93824 0
19.6	0 0 0 -0.368741 -0.942668 0
19.62	0 0 0 -0.349238 -0.94705 0
19.64	0 0 0 -0.329723 -0.951397 0
19.66	0 0 0 -0.310199 -0.955717 0
19.68	0 0 0 -0.290669 -0.96002 0
19.7	0 0 0 -0.271135 -0.96431 0
19.72	0 0 0 -0.251599 -0.968595 0
19.74	0 0 0 -0.232063 -0.972876 0
19.76	0 0 0 -0.212526 -0.977157 0
19.78	0 0 0 -0.19299 -0.981437 0
19.8	0 0 0 -0.173453 -0.985717 0
19.82	0 0 0 -0.153916 -0.989993 0
19.84	0 0 0 -0.134377 -0.994262 0
19.86	0 0 0 -0.114837 -0.998518 0
19.88	0 0 0 -0.0952945 -1.00275 0
19.9	0 0 0 -0.0757491 -1.00696 0
19.92	0 0 0 -0.0562009 -1.01113 0
19.94	0 0 0 -0.0366498 -1.01524 0
19.96	0 0 0 -0.0170964 -1.0193 0
19.98	0 0 0 0.00245828 -1.02327 0
20	0 0 0 0.0220127 -1.02716 0
20.02	0 0 0 0.0415648 -1.03093 0
20.04	0 0 0 0.0611118 -1.03457 0
20.06	0 0 0 0.0806502 -1.03807 0
20.08	0 0 0 0.100176 -1.04141 0
20.1	0 0 0 0.119684 -1.04456 0
20.12	0 0 0 0.139168 -1.04751 0
20.14	0 0 0 0.158623 -1.05023 0
20.16	0 0 0 0.178041 -1.05271 0
20.18	0 0 0 0.197413 -1.05492 0
20.2	0 0 0 0.216732 -1.05684 0
20.22	0 0 0 0.235987 -1.05846 0
20.24	0 0 0 0.255168 -1.05974 0
20.26	0 0 0 0.274266 -1.06068 0
20.28	0 0 0 0.293267 -1.06124 0
20.3	0 0 0 0.312161 -1.06141 0
20.32	0 0 0 0.330935 -1.06118 0
20.34	0 0 0 0.349577 -1.06052 0
20.36	0 0 0 0.368072 -1.05942 0
20.38	0 0 0 0.386407 -1.05785 0
20.4	0 0 0 0.404569 -1.05582 0
20.42	0 0 0 0.422545 -1.05329 0
20.44	0 0 0 0.440319 -1.05027 0
20.46	0 0 0 0.457879 -1.04673 0
20.48	0 0 0 0.47521 -1.04267 0
20.5	0 0 0 0.492299 -1.03808 0
20.52	0 0 0 0.509133 -1.03295 0
20.54	0 0 0 0.525699 -1.02728 0
20.56	0 0 0 0.541985 -1.02106 0
20.58	0 0 0 0.557977 -1.01428 0
20.6	0 0 0 0.573666 -1.00696 0
20.62	0 0 0 0.589041 -0.999083 0
20.64	0 0 0 0.60409 -0.990655 0
20.66	0 0 0 0.618806 -0.98168 0
20.68	0 0 0 0.63318 -0.972163 0
20.7	0 0 0 0.647203 -0.962108 0
20.72	0 0 0 0.660871 -0.951523 0
20.74	0 0 0 0.674177 -0.940418 0
20.76	0 0 0 0.687117 -0.928803 0
20.78	0 0 0 0.699687 -0.916687 0
20.8	0 0 0 0.711886 -0.904085 0
20.82	0 0 0 0.723712 -0.891009 0
20.84	0 0 0 0.735164 -0.877473 0
20.86	0 0 0 0.746245 -0.863494 0
20.88	0 0 0 0.756956 -0.849088 0
20.9	0 0 0 0.767301 -0.834271 0
20.92	0 0 0 0.777285 -0.81906 0
20.94	0 0 0 0.786913 -0.803476 0
20.96	0 0 0 0.796193 -0.787534 0
20.98	0 0 0 0.805131 -0.771256 0
21	0 0 0 0.813738 -0.75466 0
21.02	0 0 0 0.822022 -0.737765 0
21.04	0 0 0 0.829995 -0.72059 0
21.06	0 0 0 0.837669 -0.703156 0
21.08	0 0 0 0.845055 -0.685481 0
21.1	0 0 0 0.852168 -0.667583 0
21.12	0 0 0 0.859021 -0.649483 0
21.14	0 0 0 0.865629 -0.631196 0
21.16	0 0 0 0.872006 -0.612742 0
21.18	0 0 0 0.878168 -0.594136 0
21.2	0 0 0 0.884131 -0.575395 0
21.22	0 0 0 0.889909 -0.556534 0
21.24	0 0 0 0.895519 -0.537569 0
21.26	0 0 0 0.900976 -0.518511 0
21.28	0 0 0 0.906297 -0.499375 0
21.3	0 0 0 0.911496 -0.480172 0
21.32	0 0 0 0.916587 -0.460912 0
21.34	0 0 0 0.921586 -0.441606 0
21.36	0 0 0 0.926506 -0.422262 0
21.38	0 0 0 0.93136 -0.402887 0
21.4	0 0 0 0.936159 -0.383489 0
21.42	0 0 0 0.940915 -0.364074 0
21.44	0 0 0 0.945638 -0.344645 0
21.46	0 0 0 0.950337 -0.325208 0
21.48	0 0 0 0.955019 -0.305765 0
21.5	0 0 0 0.95969 -0.286319 0
21.52	0 0 0 0.964356 -0.266871 0
21.54	0 0 0 0.969019 -0.247422 0
21.56	0 0 0 0.973682 -0.227973 0
21.58	0 0 0 0.978345 -0.208524 0
21.6	0 0 0 0.983006 -0.189075 0
21.62	0 0 0 0.987664 -0.169625 0
21.64	0 0 0 0.992313 -0.150174 0
21.66	0 0 0 0.996948 -0.13072 0
21.68	0 0 0 1.00156 -0.111264 0
21.7	0 0 0 1.00614 -0.0918042 0
21.72	0 0 0 1.01068 -0.0723407 0
21.74	0 0 0 1.01517 -0.0528734 0
21.76	0 0 0 1.0196 -0.0334026 0
21.78	0 0 0 1.02394 -0.0139292 0
21.8	0 0 0 1.02818 0.00554547 0
21.82	0 0 0 1.03232 0.0250196 0
21.84	0 0 0 1.03632 0.0444905 0
21.86	0 0 0 1.04017 0.063955 0
21.88	0 0 0 1.04386 0.0834092 0
21.9	0 0 0 1.04735 0.102848 0
21.92	0 0 0 1.05064 0.122267 0
21.94	0 0 0 1.0537 0.141659 0
21.96	0 0 0 1.05651 0.161017 0
21.98	0 0 0 1.05905 0.180334 0
22	0 0 0 1.06129 0.199601 0
22.02	0 0 0 1.06322 0.218809 0
22.04	0 0 0 1.06482 0.237948 0
22.06	0 0 0 1.06606 0.257008 0
22.08	0 0 0 1.06692 0.275977 0
22.1	0 0 0 1.06739 0.294843 0
22.12	0 0 0 1.06744 0.313596 0
22.14	0 0 0 1.06707 0.332221 0
22.16	0 0 0 1.06624 0.350707 0
22.18	0 0 0 1.06495 0.36904 0
22.2	0 0 0 1.06318 0.387206 0
22.22	0 0 0 1.06091 0.405192 0
22.24	0 0 0 1.05814 0.422985 0
22.26	0 0 0 1.05484 0.440571 0
22.28	0 0 0 1.05103 0.457935 0
22.3	0 0 0 1.04667 0.475066 0
22.32	0 0 0 1.04177 0.49195 0
22.34	0 0 0 1.03632 0.508574 0
22.36	0 0 0 1.03031 0.524926 0
22.38	0 0 0 1.02375 0.540994 0
22.4	0 0 0 1.01663 0.556767 0
22.42	0 0 0 1.00895 0.572234 0
22.44	0 0 0 1.00071 0.587386 0
22.46	0 0 0 0.991923 0.602213 0
22.48	0 0 0 0.982586 0.616707 0
22.5	0 0 0 0.972706 0.63086 0
22.52	0 0 0 0.962292 0.644667 0
22.54	0 0 0 0.951351 0.658121 0
22.56	0 0 0 0.939895 0.671219 0
22.58	0 0 0 0.927934 0.683956 0
22.6	0 0 0 0.915481 0.696331 0
22.62	0 0 0 0.90255 0.708342 0
22.64	0 0 0 0.889156 0.719989 0
22.66	0 0 0 0.875313 0.731273 0
22.68	0 0 0 0.861039 0.742197 0
22.7	0 0 0 0.846351 0.752764 0
22.72	0 0 0 0.831266 0.762978 0
22.74	0 0 0 0.815803 0.772845 0
22.76	0 0 0 0.79998 0.782371 0
22.78	0 0 0 0.783818 0.791565 0
22.8	0 0 0 0.767334 0.800434 0
22.82	0 0 0 0.750549 0.80899 0
22.84	0 0 0 0.733483 0.817242 0
22.86	0 0 0 0.716154 0.825202 0
22.88	0 0 0 0.698583 0.832881 0
22.9	0 0 0 0.680788 0.840295 0
22.92	0 0 0 0.662787 0.847455 0
22.94	0 0 0 0.6446 0.854376 0
22.96	0 0 0 0.626244 0.861072 0
22.98	0 0 0 0.607735 0.867559 0
23	0 0 0 0.58909 0.873852 0
23.02	0 0 0 0.570325 0.879967 0
23.04	0 0 0 0.551454 0.885918 0
23.06	0 0 0 0.532491 0.891721 0
23.08	0 0 0 0.513449 0.897392 0
23.1	0 0 0 0.494339 0.902945 0
23.12	0 0 0 0.475173 0.908395 0
23.14	0 0 0 0.45596 0.913756 0
23.16	0 0 0 0.43671 0.919041 0
23.18	0 0 0 0.417429 0.924262 0
23.2	0 0 0 0.398125 0.929432 0
23.22	0 0 0 0.378804 0.934561 0
23.24	0 0 0 0.35947 0.939659 0
23.26	0 0 0 0.340127 0.944735 0
23.28	0 0 0 0.320778 0.949794 0
23.3	0 0 0 0.301427 0.954845 0
23.32	0 0 0 0.282074 0.95989 0
23.34	0 0 0 0.26272 0.964934 0
23.36	0 0 0 0.243367 0.969977 0
23.38	0 0 0 0.224013 0.97502 0
23.4	0 0 0 0.204659 0.980062 0
23.42	0 0 0 0.185304 0.985099 0
23.44	0 0 0 0.165947 0.990126 0
23.46	0 0 0 0.146587 0.995138 0
23.48	0 0 0 0.127225 1.00013 0
23.5	0 0 0 0.107858 1.00508 0
23.52	0 0 0 0.088486 1.01 0
23.54	0 0 0 0.0691095 1.01485 0
23.56	0 0 0 0.0497283 1.01964 0
23.58	0 0 0 0.0303431 1.02435 0
23.6	0 0 0 0.010955 1.02896 0
23.62	0 0 0 -0.00843438 1.03345 0
23.64	0 0 0 -0.0278227 1.0378 0
23.66	0 0 0 -0.0472069 1.04201 0
23.68	0 0 0 -0.0665833 1.04604 0
23.7	0 0 0 -0.0859474 1.04988 0
23.72	0 0 0 -0.105294 1.05351 0
23.74	0 0 0 -0.124618 1.0569 0
23.76	0 0 0 -0.143911 1.06004 0
23.78	0 0 0 -0.163167 1.0629 0
23.8	0 0 0 -0.182377 1.06546 0
23.82	0 0 0 -0.201532 1.06771 0
23.84	0 0 0 -0.220623 1.06961 0
23.86	0 0 0 -0.23964 1.07115 0
23.88	0 0 0 -0.258571 1.07231 0
23.9	0 0 0 -0.277406 1.07308 0
23.92	0 0 0 -0.296132 1.07342 0
23.94	0 0 0 -0.314738 1.07332 0
23.96	0 0 0 -0.33321 1.07277 0
23.98	0 0 0 -0.351536 1.07175 0
24	0 0 0 -0.369702 1.07024 0
24.02	0 0 0 -0.387696 1.06823 0
24.04	0 0 0 -0.405504 1.06571 0
24.06	0 0 0 -0.423111 1.06267 0
24.08	0 0 0 -0.440507 1.05909 0
24.1	0 0 0 -0.457676 1.05496 0
24.12	0 0 0 -0.474607 1.05029 0
24.14	0 0 0 -0.491286 1.04506 0
24.16	0 0 0 -0.507702 1.03927 0
24.18	0 0 0 -0.523843 1.03292 0
24.2	0 0 0 -0.539697 1.026 0
24.22	0 0 0 -0.555255 1.01852 0
24.24	0 0 0 -0.570507 1.01048 0
24.26	0 0 0 -0.585443 1.00187 0
24.28	0 0 0 -0.600056 0.992719 0
24.3	0 0 0 -0.614337 0.983015 0
24.32	0 0 0 -0.628281 0.972772 0
24.34	0 0 0 -0.641883 0.961998 0
24.36	0 0 0 -0.655136 0.950703 0
24.38	0 0 0 -0.668039 0.938899 0
24.4	0 0 0 -0.680589 0.926599 0
24.42	0 0 0 -0.692784 0.913816 0
24.44	0 0 0 -0.704625 0.900565 0
24.46	0 0 0 -0.716112 0.886863 0
24.48	0 0 0 -0.727247 0.872725 0
24.5	0 0 0 -0.738034 0.858169 0
24.52	0 0 0 -0.748477 0.843213 0
24.54	0 0 0 -0.758582 0.827875 0
24.56	0 0 0 -0.768355 0.812176 0
24.58	0 0 0 -0.777803 0.796133 0
24.6	0 0 0 -0.786935 0.779767 0
24.62	0 0 0 -0.795761 0.763098 0
24.64	0 0 0 -0.804291 0.746144 0
24.66	0 0 0 -0.812536 0.728927 0
24.68	0 0 0 -0.820509 0.711465 0
24.7	0 0 0 -0.828221 0.693777 0
24.72	0 0 0 -0.835687 0.675883 0
24.74	0 0 0 -0.842921 0.657801 0
24.76	0 0 0 -0.849936 0.639548 0
24.78	0 0 0 -0.856747 0.621143 0
24.8	0 0 0 -0.86337 0.6026 0
24.82	0 0 0 -0.86982 0.583937 0
24.84	0 0 0 -0.876111 0.565167 0
24.86	0 0 0 -0.88226 0.546305 0
24.88	0 0 0 -0.88828 0.527364 0
24.9	0 0 0 -0.894186 0.508355 0
24.92	0 0 0 -0.899993 0.489289 0
24.94	0 0 0 -0.905714 0.470177 0
24.96	0 0 0 -0.911363 0.451028 0
24.98	0 0 0 -0.916951 0.431848 0
25	0 0 0 -0.92249 0.412645 0
25.02	0 0 0 -0.92799 0.393425 0
25.04	0 0 0 -0.933462 0.374193 0
25.06	0 0 0 -0.938912 0.354952 0
25.08	0 0 0 -0.944348 0.335706 0
25.1	0 0 0 -0.949775 0.316457 0
25.12	0 0 0 -0.955199 0.297206 0
25.14	0 0 0 -0.960621 0.277955 0
25.16	0 0 0 -0.966042 0.258704 0
25.18	0 0 0 -0.971464 0.239453 0
25.2	0 0 0 -0.976883 0.220201 0
25.22	0 0 0 -0.982297 0.200948 0
25.24	0 0 0 -0.987701 0.181693 0
25.26	0 0 0 -0.993088 0.162435 0
25.28	0 0 0 -0.99845 0.143173 0
25.3	0 0 0 -1.00378 0.123906 0
25.32	0 0 0 -1.00906 0.104633 0
25.34	0 0 0 -1.01429 0.0853546 0
25.36	0 0 0 -1.01944 0.06607 0
25.38	0 0 0 -1.02451 0.0467798 0
25.4	0 0 0 -1.02947 0.0274849 0
25.42	0 0 0 -1.03432 0.00818684 0
25.44	0 0 0 -1.03903 -0.0111123 0
25.46	0 0 0 -1.04358 -0.0304098 0
25.48	0 0 0 -1.04796 -0.0497021 0
25.5	0 0 0 -1.05214 -0.0689852 0
25.52	0 0 0 -1.0561 -0.088254 0
25.54	0 0 0 -1.05982 -0.107503 0
25.56	0 0 0 -1.06329 -0.126725 0
25.58	0 0 0 -1.06647 -0.145914 0
25.6	0 0 0 -1.06935 -0.165062 0
25.62	0 0 0 -1.07191 -0.18416 0
25.64	0 0 0 -1.07412 -0.203198 0
25.66	0 0 0 -1.07596 -0.222167 0
25.68	0 0 0 -1.07742 -0.241056 0
25.7	0 0 0 -1.07848 -0.259854 0
25.72	0 0 0 -1.0791 -0.27855 0
25.74	0 0 0 -1.07929 -0.297131 0
25.76	0 0 0 -1.07901 -0.315586 0
25.78	0 0 0 -1.07826 -0.333901 0
25.8	0 0 0 -1.07701 -0.352064 0
25.82	0 0 0 -1.07526 -0.370061 0
25.84	0 0 0 -1.07299 -0.38788 0
25.86	0 0 0 -1.07019 -0.405507 0
25.88	0 0 0 -1.06685 -0.422929 0
25.9	0 0 0 -1.06296 -0.440134 0
25.92	0 0 0 -1.05851 -0.457108 0
25.94	0 0 0 -1.0535 -0.47384 0
25.96	0 0 0 -1.04793 -0.490317 0
25.98	0 0 0 -1.04179 -0.506529 0
26	0 0 0 -1.03507 -0.522463 0
26.02	0 0 0 -1.02779 -0.53811 0
26.04	0 0 0 -1.01994 -0.553459 0
26.06	0 0 0 -1.01153 -0.568503 0
26.08	0 0 0 -1.00256 -0.583232 0
26.1	0 0 0 -0.993032 -0.59764 0
26.12	0 0 0 -0.982962 -0.61172 0
26.14	0 0 0 -0.972356 -0.625466 0
26.16	0 0 0 -0.961225 -0.638875 0
26.18	0 0 0 -0.94958 -0.651942 0
26.2	0 0 0 -0.937435 -0.664665 0
26.22	0 0 0 -0.924802 -0.677044 0
26.24	0 0 0 -0.911699 -0.689077 0
26.26	0 0 0 -0.898139 -0.700765 0
26.28	0 0 0 -0.884141 -0.712111 0
26.3	0 0 0 -0.869721 -0.723118 0
26.32	0 0 0 -0.854898 -0.73379 0
26.34	0 0 0 -0.83969 -0.744131 0
26.36	0 0 0 -0.824118 -0.754149 0
26.38	0 0 0 -0.8082 -0.763851 0
26.4	0 0 0 -0.791956 -0.773245 0
26.42	0 0 0 -0.775407 -0.78234 0
26.44	0 0 0 -0.758571 -0.791148 0
26.46	0 0 0 -0.74147 -0.799677 0
26.48	0 0 0 -0.724123 -0.807941 0
26.5	0 0 0 -0.706548 -0.815952 0
26.52	0 0 0 -0.688766 -0.823724 0
26.54	0 0 0 -0.670795 -0.831269 0
26.56	0 0 0 -0.652653 -0.838601 0
26.58	0 0 0 -0.634356 -0.845736 0
26.6	0 0 0 -0.615923 -0.852688 0
26.62	0 0 0 -0.597368 -0.859472 0
26.64	0 0 0 -0.578706 -0.866102 0
26.66	0 0 0 -0.559952 -0.872594 0
26.68	0 0 0 -0.541118 -0.878962 0
26.7	0 0 0 -0.522217 -0.88522 0
26.72	0 0 0 -0.503259 -0.891383 0
26.74	0 0 0 -0.484255 -0.897463 0
26.76	0 0 0 -0.465213 -0.903474 0
26.78	0 0 0 -0.446141 -0.909427 0
26.8	0 0 0 -0.427047 -0.915334 0
26.82	0 0 0 -0.407936 -0.921204 0
26.84	0 0 0 -0.388812 -0.927046 0
26.86	0 0 0 -0.369681 -0.93287 0
26.88	0 0 0 -0.350544 -0.93868 0
26.9	0 0 0 -0.331405 -0.944483 0
26.92	0 0 0 -0.312264 -0.950282 0
26.94	0 0 0 -0.293123 -0.956081 0
26.96	0 0 0 -0.273982 -0.961879 0
26.98	0 0 0 -0.254841 -0.967677 0
27	0 0 0 -0.235699 -0.973472 0
27.02	0 0 0 -0.216556 -0.979261 0
27.04	0 0 0 -0.19741 -0.985038 0
27.06	0 0 0 -0.17826 -0.990798 0
27.08	0 0 0 -0.159106 -0.996531 0
27.1	0 0 0 -0.139946 -1.00223 0
27.12	0 0 0 -0.120779 -1.00788 0
27.14	0 0 0 -0.101605 -1.01347 0
27.16	0 0 0 -0.0824239 -1.01898 0
27.18	0 0 0 -0.0632354 -1.02441 0
27.2	0 0 0 -0.0440405 -1.02973 0
27.22	0 0 0 -0.0248403 -1.03493 0
27.24	0 0 0 -0.0056367 -1.03999 0
27.26	0 0 0 0.0135677 -1.04489 0
27.28	0 0 0 0.0327699 -1.0496 0
27.3	0 0 0 0.0519657 -1.05412 0
27.32	0 0 0 0.0711506 -1.05842 0
27.34	0 0 0 0.0903193 -1.06247 0
27.36	0 0 0 0.109465 -1.06626 0
27.38	0 0 0 0.128582 -1.06977 0
27.4	0 0 0 0.147662 -1.07296 0
27.42	0 0 0 0.166697 -1.07583 0
27.44	0 0 0 0.185677 -1.07834 0
27.46	0 0 0 0.204593 -1.08049 0
27.48	0 0 0 0.223435 -1.08224 0
27.5	0 0 0 0.242192 -1.08358 0
27.52	0 0 0 0.260853 -1.0845 0
27.54	0 0 0 0.279406 -1.08496 0
27.56	0 0 0 0.297839 -1.08495 0
27.58	0 0 0 0.316139 -1.08447 0
27.6	0 0 0 0.334294 -1.08348 0
27.62	0 0 0 0.352292 -1.08199 0
27.64	0 0 0 0.370118 -1.07996 0
27.66	0 0 0 0.387761 -1.07741 0
27.68	0 0 0 0.405208 -1.07431 0
27.7	0 0 0 0.422445 -1.07065 0
27.72	0 0 0 0.439461 -1.06643 0
27.74	0 0 0 0.456242 -1.06164 0
27.76	0 0 0 0.472779 -1.05629 0
27.78	0 0 0 0.489058 -1.05035 0
27.8	0 0 0 0.505069 -1.04385 0
27.82	0 0 0 0.520802 -1.03676 0
27.84	0 0 0 0.536248 -1.02911 0
27.86	0 0 0 0.551397 -1.02089 0
27.88	0 0 0 0.566241 -1.0121 0
27.9	0 0 0 0.580774 -1.00275 0
27.92	0 0 0 0.594988 -0.992857 0
27.94	0 0 0 0.608878 -0.982422 0
27.96	0 0 0 0.62244 -0.971456 0
27.98	0 0 0 0.63567 -0.959973 0
28	0 0 0 0.648566 -0.947985 0
28.02	0 0 0 0.661126 -0.935507 0
28.04	0 0 0 0.67335 -0.922553 0
28.06	0 0 0 0.685239 -0.90914 0
28.08	0 0 0 0.696795 -0.895284 0
28.1	0 0 0 0.70802 -0.881004 0
28.12	0 0 0 0.718919 -0.866318 0
28.14	0 0 0 0.729497 -0.851245 0
28.16	0 0 0 0.739759 -0.835804 0
28.18	0 0 0 0.749714 -0.820015 0
28.2	0 0 0 0.759368 -0.803898 0
28.22	0 0 0 0.768732 -0.787474 0
28.24	0 0 0 0.777816 -0.770762 0
28.26	0 0 0 0.786629 -0.753782 0
28.28	0 0 0 0.795184 -0.736555 0
28.3	0 0 0 0.803492 -0.719099 0
28.32	0 0 0 0.811568 -0.701435 0
28.34	0 0 0 0.819423 -0.683581 0
28.36	0 0 0 0.827072 -0.665554 0
28.38	0 0 0 0.834529 -0.647374 0
28.4	0 0 0 0.841809 -0.629055 0
28.42	0 0 0 0.848925 -0.610615 0
28.44	0 0 0 0.855894 -0.592067 0
28.46	0 0 0 0.862728 -0.573428 0
28.48	0 0 0 0.869442 -0.554708 0
28.5	0 0 0 0.876051 -0.535921 0
28.52	0 0 0 0.882568 -0.517078 0
28.54	0 0 0 0.889006 -0.498189 0
28.56	0 0 0 0.895377 -0.479262 0
28.58	0 0 0 0.901693 -0.460306 0
28.6	0 0 0 0.907966 -0.441328 0
28.62	0 0 0 0.914204 -0.422333 0
28.64	0 0 0 0.920416 -0.403325 0
28.66	0 0 0 0.92661 -0.384311 0
28.68	0 0 0 0.932793 -0.365291 0
28.7	0 0 0 0.938969 -0.346268 0
28.72	0 0 0 0.945142 -0.327245 0
28.74	0 0 0 0.951315 -0.308221 0
28.76	0 0 0 0.957487 -0.289198 0
28.78	0 0 0 0.963659 -0.270174 0
28.8	0 0 0 0.969827 -0.251149 0
28.82	0 0 0 0.975989 -0.232122 0
28.84	0 0 0 0.982138 -0.213093 0
28.86	0 0 0 0.988267 -0.194059 0
28.88	0 0 0 0.994369 -0.175019 0
28.9	0 0 0 1.00043 -0.155973 0
28.92	0 0 0 1.00645 -0.13692 0
28.94	0 0 0 1.0124 -0.117857 0
28.96	0 0 0 1.01827 -0.0987864 0
28.98	0 0 0 1.02406 -0.0797063 0
29	0 0 0 1.02973 -0.0606179 0
29.02	0 0 0 1.03528 -0.041522 0
29.04	0 0 0 1.04069 -0.0224204 0
29.06	0 0 0 1.04593 -0.00331521 0
29.08	0 0 0 1.05099 0.0157905 0
29.1	0 0 0 1.05584 0.0348932 0
29.12	0 0 0 1.06047 0.0539885 0
29.14	0 0 0 1.06485 0.0730711 0
29.16	0 0 0 1.06896 0.0921353 0
29.18	0 0 0 1.07278 0.111174 0
29.2	0 0 0 1.07629 0.130181 0
29.22	0 0 0 1.07946 0.149148 0
29.24	0 0 0 1.08228 0.168065 0
29.26	0 0 0 1.08473 0.186924 0
29.28	0 0 0 1.08677 0.205714 0
29.3	0 0 0 1.0884 0.224426 0
29.32	0 0 0 1.08959 0.243047 0
29.34	0 0 0 1.09033 0.261567 0
29.36	0 0 0 1.0906 0.279974 0
29.38	0 0 0 1.09038 0.298256 0
29.4	0 0 0 1.08965 0.3164 0
29.42	0 0 0 1.08841 0.334394 0
29.44	0 0 0 1.08664 0.352225 0
29.46	0 0 0 1.08433 0.369881 0
29.48	0 0 0 1.08146 0.387348 0
29.5	0 0 0 1.07804 0.404615 0
29.52	0 0 0 1.07404 0.421669 0
29.54	0 0 0 1.06948 0.438498 0
29.56	0 0 0 1.06434 0.455091 0
29.58	0 0 0 1.05862 0.471435 0
29.6	0 0 0 1.05231 0.487522 0
29.62	0 0 0 1.04543 0.503339 0
29.64	0 0 0 1.03797 0.518879 0
29.66	0 0 0 1.02994 0.534131 0
29.68	0 0 0 1.02134 0.549089 0
29.7	0 0 0 1.01217 0.563744 0
29.72	0 0 0 1.00246 0.578091 0
29.74	0 0 0 0.992192 0.592123 0
29.76	0 0 0 0.981395 0.605837 0
29.78	0 0 0 0.970076 0.619229 0
29.8	0 0 0 0.958248 0.632296 0
29.82	0 0 0 0.945926 0.645036 0
29.84	0 0 0 0.933125 0.657451 0
29.86	0 0 0 0.919862 0.669539 0
29.88	0 0 0 0.906153 0.681303 0
29.9	0 0 0 0.892016 0.692745 0
29.92	0 0 0 0.877471 0.703871 0
29.94	0 0 0 0.862536 0.714683 0
29.96	0 0 0 0.847231 0.725189 0
29.98	0 0 0 0.831576 0.735395 0
30	0 0 0 0.815591 0.74531 0
30.02	0 0 0 0.799296 0.754941 0
30.04	0 0 0 0.782712 0.7643 0
30.06	0 0 0 0.765859 0.773395 0
30.08	0 0 0 0.748757 0.78224 0
30.1	0 0 0 0.731427 0.790845 0
30.12	0 0 0 0.713886 0.799223 0
30.14	0 0 0 0.696154 0.807388 0
30.16	0 0 0 0.67825 0.815352 0
30.18	0 0 0 0.660191 0.82313 0
30.2	0 0 0 0.641994 0.830736 0
30.22	0 0 0 0.623675 0.838184 0
30.24	0 0 0 0.605249 0.845489 0
30.26	0 0 0 0.58673 0.852664 0
30.28	0 0 0 0.568132 0.859723 0
30.3	0 0 0 0.549467 0.866681 0
30.32	0 0 0 0.530745 0.87355 0
30.34	0 0 0 0.511978 0.880344 0
30.36	0 0 0 0.493174 0.887074 0
30.38	0 0 0 0.47434 0.893752 0
30.4	0 0 0 0.455484 0.900388 0
30.42	0 0 0 0.436612 0.906992 0
30.44	0 0 0 0.417729 0.913572 0
30.46	0 0 0 0.398838 0.920135 0
30.48	0 0 0 0.379942 0.926688 0
30.5	0 0 0 0.361045 0.933235 0
30.52	0 0 0 0.342146 0.93978 0
30.54	0 0 0 0.323247 0.946324 0
30.56	0 0 0 0.304348 0.952868 0
30.58	0 0 0 0.285448 0.959411 0
30.6	0 0 0 0.266548 0.965951 0
30.62	0 0 0 0.247645 0.972482 0
30.64	0 0 0 0.228739 0.979 0
30.66	0 0 0 0.209828 0.985497 0
30.68	0 0 0 0.190911 0.991964 0
30.7	0 0 0 0.171986 0.998392 0
30.72	0 0 0 0.153052 1.00477 0
30.74	0 0 0 0.134108 1.01108 0
30.76	0 0 0 0.115154 1.01731 0
30.78	0 0 0 0.0961887 1.02345 0
30.8	0 0 0 0.0772133 1.02947 0
30.82	0 0 0 0.0582282 1.03537 0
30.84	0 0 0 0.0392348 1.04112 0
30.86	0 0 0 0.020235 1.0467 0
30.88	0 0 0 0.00123167 1.0521 0
30.9	0 0 0 -0.0177719 1.05728 0
30.92	0 0 0 -0.0367717 1.06224 0
30.94	0 0 0 -0.0557627 1.06694 0
30.96	0 0 0 -0.0747395 1.07137 0
30.98	0 0 0 -0.0936956 1.07551 0
31	0 0 0 -0.112624 1.07933 0
31.02	0 0 0 -0.131517 1.08281 0
31.04	0 0 0 -0.150367 1.08593 0
31.06	0 0 0 -0.169163 1.08867 0
31.08	0 0 0 -0.187897 1.091 0
31.1	0 0 0 -0.206559 1.09292 0
31.12	0 0 0 -0.225137 1.09439 0
31.14	0 0 0 -0.24362 1.09541 0
31.16	0 0 0 -0.261998 1.09594 0
31.18	0 0 0 -0.280257 1.09598 0
31.2	0 0 0 -0.298386 1.09552 0
31.22	0 0 0 -0.316373 1.09453 0
31.24	0 0 0 -0.334206 1.09301 0
31.26	0 0 0 -0.351871 1.09094 0
31.28	0 0 0 -0.369356 1.08831 0
31.3	0 0 0 -0.38665 1.08512 0
31.32	0 0 0 -0.403739 1.08135 0
31.34	0 0 0 -0.420613 1.07701 0
31.36	0 0 0 -0.437259 1.07208 0
31.38	0 0 0 -0.453667 1.06657 0
31.4	0 0 0 -0.469826 1.06048 0
31.42	0 0 0 -0.485726 1.0538 0
31.44	0 0 0 -0.501357 1.04653 0
31.46	0 0 0 -0.516711 1.03869 0
31.48	0 0 0 -0.53178 1.03028 0
31.5	0 0 0 -0.546556 1.02129 0
31.52	0 0 0 -0.561034 1.01175 0
31.54	0 0 0 -0.575207 1.00167 0
31.56	0 0 0 -0.589071 0.991038 0
31.58	0 0 0 -0.602623 0.979886 0
31.6	0 0 0 -0.61586 0.968221 0
31.62	0 0 0 -0.62878 0.956058 0
31.64	0 0 0 -0.641383 0.943413 0
31.66	0 0 0 -0.653669 0.930303 0
31.68	0 0 0 -0.665641 0.916744 0
31.7	0 0 0 -0.677299 0.902755 0
31.72	0 0 0 -0.68865 0.888354 0
31.74	0 0 0 -0.699696 0.873561 0
31.76	0 0 0 -0.710444 0.858396 0
31.78	0 0 0 -0.720901 0.842879 0
31.8	0 0 0 -0.731074 0.827031 0
31.82	0 0 0 -0.740972 0.810871 0
31.84	0 0 0 -0.750604 0.79442 0
31.86	0 0 0 -0.759981 0.7777 0
31.88	0 0 0 -0.769114 0.760729 0
31.9	0 0 0 -0.778014 0.743528 0
31.92	0 0 0 -0.786694 0.726117 0
31.94	0 0 0 -0.795167 0.708514 0
31.96	0 0 0 -0.803445 0.690738 0
31.98	0 0 0 -0.811543 0.672807 0
32	0 0 0 -0.819474 0.654738 0
32.02	0 0 0 -0.827252 0.636547 0
32.04	0 0 0 -0.834891 0.618248 0
32.06	0 0 0 -0.842405 0.599857 0
32.08	0 0 0 -0.849808 0.581387 0
32.1	0 0 0 -0.857113 0.56285 0
32.12	0 0 0 -0.864333 0.544257 0
32.14	0 0 0 -0.871481 0.525619 0
32.16	0 0 0 -0.878568 0.506944 0
32.18	0 0 0 -0.885605 0.48824 0
32.2	0 0 0 -0.892602 0.469514 0
32.22	0 0 0 -0.89957 0.450773 0
32.24	0 0 0 -0.906515 0.43202 0
32.26	0 0 0 -0.913445 0.413261 0
32.28	0 0 0 -0.920366 0.394496 0
32.3	0 0 0 -0.927282 0.37573 0
32.32	0 0 0 -0.934196 0.356963 0
32.34	0 0 0 -0.941109 0.338196 0
32.36	0 0 0 -0.948023 0.319429 0
32.38	0 0 0 -0.954935 0.300662 0
32.4	0 0 0 -0.961843 0.281893 0
32.42	0 0 0 -0.968741 0.263121 0
32.44	0 0 0 -0.975625 0.244346 0
32.46	0 0 0 -0.982487 0.225564 0
32.48	0 0 0 -0.989317 0.206776 0
32.5	0 0 0 -0.996106 0.187979 0
32.52	0 0 0 -1.00284 0.169172 0
32.54	0 0 0 -1.00951 0.150353 0
32.56	0 0 0 -1.01609 0.131522 0
32.58	0 0 0 -1.02258 0.112679 0
32.6	0 0 0 -1.02896 0.0938229 0
32.62	0 0 0 -1.0352 0.0749548 0
32.64	0 0 0 -1.04129 0.0560758 0
32.66	0 0 0 -1.04721 0.0371876 0
32.68	0 0 0 -1.05294 0.0182926 0
32.7	0 0 0 -1.05845 -0.000606091 0
32.72	0 0 0 -1.06373 -0.0195046 0
32.74	0 0 0 -1.06876 -0.0383985 0
32.76	0 0 0 -1.07351 -0.0572824 0
32.78	0 0 0 -1.07796 -0.0761503 0
32.8	0 0 0 -1.08208 -0.0949955 0
32.82	0 0 0 -1.08587 -0.11381 0
32.84	0 0 0 -1.08929 -0.132587 0
32.86	0 0 0 -1.09232 -0.151317 0
32.88	0 0 0 -1.09494 -0.16999 0
32.9	0 0 0 -1.09714 -0.188597 0
32.92	0 0 0 -1.09889 -0.207127 0
32.94	0 0 0 -1.10018 -0.22557 0
32.96	0 0 0 -1.10098 -0.243914 0
32.98	0 0 0 -1.10129 -0.262147 0
33	0 0 0 -1.10108 -0.280258 0
33.02	0 0 0 -1.10034 -0.298235 0
33.04	0 0 0 -1.09907 -0.316065 0
33.06	0 0 0 -1.09724 -0.333736 0
33.08	0 0 0 -1.09485 -0.351236 0
33.1	0 0 0 -1.09189 -0.368554 0
33.12	0 0 0 -1.08835 -0.385676 0
33.14	0 0 0 -1.08422 -0.402592 0
33.16	0 0 0 -1.07951 -0.419289 0
33.18	0 0 0 -1.07422 -0.435758 0
33.2	0 0 0 -1.06833 -0.451988 0
33.22	0 0 0 -1.06185 -0.467968 0
33.24	0 0 0 -1.05478 -0.483689 0
33.26	0 0 0 -1.04713 -0.499143 0
33.28	0 0 0 -1.03891 -0.514321 0
33.3	0 0 0 -1.03011 -0.529217 0
33.32	0 0 0 -1.02075 -0.543823 0
33.34	0 0 0 -1.01084 -0.558136 0
33.36	0 0 0 -1.00038 -0.572149 0
33.38	0 0 0 -0.9894 -0.585859 0
33.4	0 0 0 -0.9779 -0.599264 0
33.42	0 0 0 -0.9659 -0.612363 0
33.44	0 0 0 -0.953414 -0.625153 0
33.46	0 0 0 -0.94046 -0.637636 0
33.48	0 0 0 -0.927054 -0.649813 0
33.5	0 0 0 -0.913216 -0.661687 0
33.52	0 0 0 -0.898964 -0.673261 0
33.54	0 0 0 -0.884318 -0.68454 0
33.56	0 0 0 -0.869298 -0.695529 0
33.58	0 0 0 -0.853924 -0.706235 0
33.6	0 0 0 -0.838216 -0.716666 0
33.62	0 0 0 -0.822196 -0.726829 0
33.64	0 0 0 -0.805884 -0.736734 0
33.66	0 0 0 -0.789301 -0.746391 0
33.68	0 0 0 -0.772466 -0.755811 0
33.7	0 0 0 -0.755401 -0.765005 0
33.72	0 0 0 -0.738125 -0.773985 0
33.74	0 0 0 -0.720657 -0.782764 0
33.76	0 0 0 -0.703016 -0.791355 0
33.78	0 0 0 -0.685219 -0.799771 0
33.8	0 0 0 -0.667284 -0.808025 0
33.82	0 0 0 -0.649227 -0.816131 0
33.84	0 0 0 -0.631063 -0.824104 0
33.86	0 0 0 -0.612806 -0.831955 0
33.88	0 0 0 -0.594471 -0.8397 0
33.9	0 0 0 -0.576069 -0.84735 0
33.92	0 0 0 -0.557611 -0.854919 0
33.94	0 0 0 -0.539109 -0.862418 0
33.96	0 0 0 -0.52057 -0.86986 0
33.98	0 0 0 -0.502003 -0.877254 0
34	0 0 0 -0.483415 -0.884611 0
34.02	0 0 0 -0.464811 -0.89194 0
34.04	0 0 0 -0.446197 -0.899249 0
34.06	0 0 0 -0.427575 -0.906543 0
34.08	0 0 0 -0.40895 -0.913829 0
34.1	0 0 0 -0.390323 -0.921111 0
34.12	0 0 0 -0.371695 -0.928392 0
34.14	0 0 0 -0.353067 -0.935672 0
34.16	0 0 0 -0.334439 -0.942952 0
34.18	0 0 0 -0.31581 -0.95023 0
34.2	0 0 0 -0.29718 -0.957503 0
34.22	0 0 0 -0.278547 -0.964766 0
34.24	0 0 0 -0.259909 -0.972014 0
34.26	0 0 0 -0.241264 -0.979237 0
34.28	0 0 0 -0.222612 -0.986427 0
34.3	0 0 0 -0.20395 -0.993574 0
34.32	0 0 0 -0.185276 -1.00066 0
34.34	0 0 0 -0.166589 -1.00769 0
34.36	0 0 0 -0.147888 -1.01462 0
34.38	0 0 0 -0.129173 -1.02146 0
34.4	0 0 0 -0.110443 -1.02818 0
34.42	0 0 0 -0.0916979 -1.03476 0
34.44	0 0 0 -0.0729395 -1.04119 0
34.46	0 0 0 -0.0541688 -1.04744 0
34.48	0 0 0 -0.035388 -1.0535 0
34.5	0 0 0 -0.0166 -1.05935 0
34.52	0 0 0 0.00219177 -1.06495 0
34.54	0 0 0 0.020983 -1.0703 0
34.56	0 0 0 0.0397687 -1.07536 0
34.58	0 0 0 0.0585431 -1.08012 0
34.6	0 0 0 0.0772999 -1.08455 0
34.62	0 0 0 0.0960318 -1.08863 0
34.64	0 0 0 0.114731 -1.09235 0
34.66	0 0 0 0.133389 -1.09567 0
34.68	0 0 0 0.151997 -1.09858 0
34.7	0 0 0 0.170546 -1.10106 0
34.72	0 0 0 0.189024 -1.10309 0
34.74	0 0 0 0.207422 -1.10465 0
34.76	0 0 0 0.225728 -1.10572 0
34.78	0 0 0 0.243932 -1.10628 0
34.8	0 0 0 0.262021 -1.10633 0
34.82	0 0 0 0.279984 -1.10585 0
34.84	0 0 0 0.297808 -1.10482 0
34.86	0 0 0 0.315483 -1.10323 0
34.88	0 0 0 0.332995 -1.10107 0
34.9	0 0 0 0.350333 -1.09834 0
34.92	0 0 0 0.367486 -1.09503 0
34.94	0 0 0 0.384441 -1.09113 0
34.96	0 0 0 0.401188 -1.08663 0
34.98	0 0 0 0.417715 -1.08155 0
35	0 0 0 0.434012 -1.07587 0
35.02	0 0 0 0.45007 -1.06959 0
35.04	0 0 0 0.465879 -1.06272 0
35.06	0 0 0 0.481431 -1.05527 0
35.08	0 0 0 0.496717 -1.04723 0
35.1	0 0 0 0.51173 -1.03862 0
35.12	0 0 0 0.526465 -1.02944 0
35.14	0 0 0 0.540914 -1.01971 0
35.16	0 0 0 0.555075 -1.00943 0
35.18	0 0 0 0.568943 -0.998615 0
35.2	0 0 0 0.582515 -0.987284 0
35.22	0 0 0 0.595789 -0.975449 0
35.24	0 0 0 0.608766 -0.963125 0
35.26	0 0 0 0.621444 -0.950331 0
35.28	0 0 0 0.633826 -0.937082 0
35.3	0 0 0 0.645914 -0.923399 0
35.32	0 0 0 0.65771 -0.9093 0
35.34	0 0 0 0.669221 -0.894804 0
35.36	0 0 0 0.68045 -0.879933 0
35.38	0 0 0 0.691404 -0.864706 0
35.4	0 0 0 0.70209 -0.849144 0
35.42	0 0 0 0.712517 -0.833269 0
35.44	0 0 0 0.722694 -0.8171 0
35.46	0 0 0 0.732629 -0.80066 0
35.48	0 0 0 0.742335 -0.783968 0
35.5	0 0 0 0.751821 -0.767044 0
35.52	0 0 0 0.7611 -0.749909 0
35.54	0 0 0 0.770184 -0.732581 0
35.56	0 0 0 0.779086 -0.715081 0
35.58	0 0 0 0.787818 -0.697424 0
35.6	0 0 0 0.796394 -0.679629 0
35.62	0 0 0 0.804827 -0.661713 0
35.64	0 0 0 0.81313 -0.643689 0
35.66	0 0 0 0.821317 -0.625574 0
35.68	0 0 0 0.829401 -0.60738 0
35.7	0 0 0 0.837394 -0.58912 0
35.72	0 0 0 0.84531 -0.570805 0
35.74	0 0 0 0.853159 -0.552446 0
35.76	0 0 0 0.860953 -0.53405 0
35.78	0 0 0 0.868703 -0.515627 0
35.8	0 0 0 0.876417 -0.497183 0
35.82	0 0 0 0.884105 -0.478724 0
35.84	0 0 0 0.891774 -0.460255 0
35.86	0 0 0 0.89943 -0.441779 0
35.88	0 0 0 0.907079 -0.4233 0
35.9	0 0 0 0.914724 -0.404819 0
35.92	0 0 0 0.922368 -0.386338 0
35.94	0 0 0 0.930012 -0.367856 0
35.96	0 0 0 0.937656 -0.349374 0
35.98	0 0 0 0.945297 -0.330892 0
36	0 0 0 0.952933 -0.312407 0
36.02	0 0 0 0.960558 -0.293919 0
36.04	0 0 0 0.968165 -0.275425 0
36.06	0 0 0 0.975747 -0.256925 0
36.08	0 0 0 0.983295 -0.238415 0
36.1	0 0 0 0.990796 -0.219894 0
36.12	0 0 0 0.998239 -0.20136 0
36.14	0 0 0 1.00561 -0.182812 0
36.16	0 0 0 1.0129 -0.164248 0
36.18	0 0 0 1.02008 -0.145667 0
36.2	0 0 0 1.02714 -0.127069 0
36.22	0 0 0 1.03406 -0.108453 0
36.24	0 0 0 1.04082 -0.0898216 0
36.26	0 0 0 1.04741 -0.0711744 0
36.28	0 0 0 1.0538 -0.0525137 0
36.3	0 0 0 1.05996 -0.033842 0
36.32	0 0 0 1.06589 -0.0151625 0
36.34	0 0 0 1.07155 0.00352064 0
36.36	0 0 0 1.07692 0.0222029 0
36.38	0 0 0 1.08199 0.0408787 0
36.4	0 0 0 1.08673 0.0595421 0
36.42	0 0 0 1.09111 0.0781862 0
36.44	0 0 0 1.09512 0.0968034 0
36.46	0 0 0 1.09873 0.115386 0
36.48	0 0 0 1.10192 0.133924 0
36.5	0 0 0 1.10468 0.152409 0
36.52	0 0 0 1.10698 0.170832 0
36.54	0 0 0 1.10881 0.189181 0
36.56	0 0 0 1.11014 0.207446 0
36.58	0 0 0 1.11097 0.225616 0
36.6	0 0 0 1.11127 0.24368 0
36.62	0 0 0 1.11104 0.261625 0
36.64	0 0 0 1.11025 0.279441 0
36.66	0 0 0 1.1089 0.297116 0
36.68	0 0 0 1.10698 0.314637 0
36.7	0 0 0 1.10448 0.331994 0
36.72	0 0 0 1.1014 0.349174 0
36.74	0 0 0 1.09772 0.366166 0
36.76	0 0 0 1.09344 0.382959 0
36.78	0 0 0 1.08856 0.399542 0
36.8	0 0 0 1.08309 0.415906 0
36.82	0 0 0 1.07702 0.43204 0
36.84	0 0 0 1.07035 0.447935 0
36.86	0 0 0 1.06309 0.463582 0
36.88	0 0 0 1.05524 0.478974 0
36.9	0 0 0 1.04682 0.494103 0
36.92	0 0 0 1.03782 0.508963 0
36.94	0 0 0 1.02827 0.523549 0
36.96	0 0 0 1.01817 0.537855 0
36.98	0 0 0 1.00753 0.551879 0
37	0 0 0 0.996369 0.565616 0
37.02	0 0 0 0.984702 0.579066 0
37.04	0 0 0 0.972544 0.592227 0
37.06	0 0 0 0.959912 0.605099 0
37.08	0 0 0 0.946825 0.617684 0
37.1	0 0 0 0.9333 0.629984 0
37.12	0 0 0 0.919357 0.642002 0
37.14	0 0 0 0.905017 0.653743 0
37.16	0 0 0 0.890299 0.66521 0
37.18	0 0 0 0.875224 0.676411 0
37.2	0 0 0 0.859813 0.687352 0
37.22	0 0 0 0.844087 0.698041 0
37.24	0 0 0 0.828067 0.708487 0
37.26	0 0 0 0.811775 0.7187 0
37.28	0 0 0 0.79523 0.72869 0
37.3	0 0 0 0.778453 0.738467 0
37.32	0 0 0 0.761465 0.748043 0
37.34	0 0 0 0.744284 0.75743 0
37.36	0 0 0 0.72693 0.766641 0
37.38	0 0 0 0.70942 0.775688 0
37.4	0 0 0 0.691772 0.784583 0
37.42	0 0 0 0.674002 0.793341 0
37.44	0 0 0 0.656127 0.801973 0
37.46	0 0 0 0.638159 0.810494 0
37.48	0 0 0 0.620114 0.818915 0
37.5	0 0 0 0.602002 0.82725 0
37.52	0 0 0 0.583837 0.83551 0
37.54	0 0 0 0.565627 0.843706 0
37.56	0 0 0 0.547382 0.85185 0
37.58	0 0 0 0.52911 0.859952 0
37.6	0 0 0 0.510817 0.868021 0
37.62	0 0 0 0.49251 0.876066 0
37.64	0 0 0 0.474193 0.884092 0
37.66	0 0 0 0.45587 0.892108 0
37.68	0 0 0 0.437544 0.900116 0
37.7	0 0 0 0.419216 0.908122 0
37.72	0 0 0 0.400888 0.916127 0
37.74	0 0 0 0.38256 0.924132 0
37.76	0 0 0 0.364232 0.932137 0
37.78	0 0 0 0.345902 0.940138 0
37.8	0 0 0 0.32757 0.948133 0
37.82	0 0 0 0.309234 0.956116 0
37.84	0 0 0 0.290892 0.964081 0
37.86	0 0 0 0.272542 0.972018 0
37.88	0 0 0 0.254182 0.979919 0
37.9	0 0 0 0.235809 0.987773 0
37.92	0 0 0 0.217422 0.995565 0
37.94	0 0 0 0.199018 1.00328 0
37.96	0 0 0 0.180597 1.01091 0
37.98	0 0 0 0.162157 1.01844 0
38	0 0 0 0.143697 1.02584 0
38.02	0 0 0 0.125217 1.03309 0
38.04	0 0 0 0.106718 1.04019 0
38.06	0 0 0 0.0882002 1.0471 0
38.08	0 0 0 0.0696652 1.05381 0
38.1	0 0 0 0.0511154 1.0603 0
38.12	0 0 0 0.0325538 1.06654 0
38.14	0 0 0 0.013984 1.07252 0
38.16	0 0 0 -0.00458961 1.0782 0
38.18	0 0 0 -0.0231619 1.08357 0
38.2	0 0 0 -0.041727 1.08861 0
38.22	0 0 0 -0.0602784 1.09329 0
38.24	0 0 0 -0.0788089 1.09758 0
38.26	0 0 0 -0.0973106 1.10148 0
38.28	0 0 0 -0.115775 1.10496 0
38.3	0 0 0 -0.134193 1.10799 0
38.32	0 0 0 -0.152556 1.11057 0
38.34	0 0 0 -0.170852 1.11266 0
38.36	0 0 0 -0.189072 1.11426 0
38.38	0 0 0 -0.207206 1.11535 0
38.4	0 0 0 -0.22524 1.1159 0
38.42	0 0 0 -0.243166 1.11591 0
38.44	0 0 0 -0.26097 1.11537 0
38.46	0 0 0 -0.278642 1.11426 0
38.48	0 0 0 -0.296169 1.11258 0
38.5	0 0 0 -0.313541 1.11031 0
38.52	0 0 0 -0.330746 1.10744 0
38.54	0 0 0 -0.347772 1.10399 0
38.56	0 0 0 -0.36461 1.09992 0
38.58	0 0 0 -0.381247 1.09526 0
38.6	0 0 0 -0.397674 1.09 0
38.62	0 0 0 -0.413882 1.08413 0
38.64	0 0 0 -0.42986 1.07766 0
38.66	0 0 0 -0.445602 1.0706 0
38.68	0 0 0 -0.461098 1.06294 0
38.7	0 0 0 -0.476341 1.05471 0
38.72	0 0 0 -0.491325 1.0459 0
38.74	0 0 0 -0.506045 1.03653 0
38.76	0 0 0 -0.520496 1.0266 0
38.78	0 0 0 -0.534673 1.01614 0
38.8	0 0 0 -0.548574 1.00515 0
38.82	0 0 0 -0.562198 0.993658 0
38.84	0 0 0 -0.575542 0.981669 0
38.86	0 0 0 -0.588607 0.969203 0
38.88	0 0 0 -0.601394 0.95628 0
38.9	0 0 0 -0.613905 0.942917 0
38.92	0 0 0 -0.626142 0.929135 0
38.94	0 0 0 -0.638111 0.914954 0
38.96	0 0 0 -0.649815 0.900393 0
38.98	0 0 0 -0.661261 0.885475 0
39	0 0 0 -0.672455 0.87022 0
39.02	0 0 0 -0.683405 0.854648 0
39.04	0 0 0 -0.69412 0.838783 0
39.06	0 0 0 -0.704608 0.822643 0
39.08	0 0 0 -0.71488 0.806252 0
39.1	0 0 0 -0.724947 0.789628 0
39.12	0 0 0 -0.734818 0.772792 0
39.14	0 0 0 -0.744507 0.755764 0
39.16	0 0 0 -0.754025 0.738562 0
39.18	0 0 0 -0.763384 0.721205 0
39.2	0 0 0 -0.772597 0.70371 0
39.22	0 0 0 -0.781677 0.686094 0
39.24	0 0 0 -0.790637 0.668372 0
39.26	0 0 0 -0.799489 0.650559 0
39.28	0 0 0 -0.808245 0.632668 0
39.3	0 0 0 -0.816919 0.614712 0
39.32	0 0 0 -0.82552 0.596703 0
39.34	0 0 0 -0.834062 0.578649 0
39.36	0 0 0 -0.842554 0.560562 0
39.38	0 0 0 -0.851006 0.542448 0
39.4	0 0 0 -0.859426 0.524314 0
39.42	0 0 0 -0.867824 0.506166 0
39.44	0 0 0 -0.876206 0.488008 0
39.46	0 0 0 -0.884578 0.469845 0
39.48	0 0 0 -0.892943 0.451679 0
39.5	0 0 0 -0.901307 0.433512 0
39.52	0 0 0 -0.90967 0.415344 0
39.54	0 0 0 -0.918033 0.397176 0
39.56	0 0 0 -0.926394 0.379008 0
39.58	0 0 0 -0.934753 0.360839 0
39.6	0 0 0 -0.943104 0.342666 0
39.62	0 0 0 -0.951442 0.32449 0
39.64	0 0 0 -0.95976 0.306306 0
39.66	0 0 0 -0.96805 0.288113 0
39.68	0 0 0 -0.976302 0.269909 0
39.7	0 0 0 -0.984503 0.251691 0
39.72	0 0 0 -0.992642 0.233457 0
39.74	0 0 0 -1.0007 0.215204 0
39.76	0 0 0 -1.00867 0.196932 0
39.78	0 0 0 -1.01654 0.178639 0
39.8	0 0 0 -1.02427 0.160324 0
39.82	0 0 0 -1.03186 0.141986 0
39.84	0 0 0 -1.03928 0.123625 0
39.86	0 0 0 -1.04652 0.105242 0
39.88	0 0 0 -1.05356 0.0868383 0
39.9	0 0 0 -1.06036 0.068416 0
39.92	0 0 0 -1.06692 0.0499775 0
39.94	0 0 0 -1.0732 0.0315263 0
39.96	0 0 0 -1.07919 0.0130664 0
39.98	0 0 0 -1.08486 -0.0053973 0
40	0 0 0 -1.0902 -0.0238593 0
40.02	0 0 0 -1.09517 -0.0423134 0
40.04	0 0 0 -1.09975 -0.0607527 0
40.06	0 0 0 -1.10394 -0.0791696 0
40.08	0 0 0 -1.10769 -0.097556 0
40.1	0 0 0 -1.111 -0.115903 0
40.12	0 0 0 -1.11385 -0.134202 0
40.14	0 0 0 -1.11621 -0.152442 0
40.16	0 0 0 -1.11807 -0.170613 0
40.18	0 0 0 -1.11941 -0.188706 0
40.2	0 0 0 -1.12021 -0.206709 0
40.22	0 0 0 -1.12047 -0.22461 0
40.24	0 0 0 -1.12017 -0.2424 0
40.26	0 0 0 -1.1193 -0.260066 0
40.28	0 0 0 -1.11785 -0.277597 0
40.3	0 0 0 -1.11581 -0.294981 0
40.32	0 0 0 -1.11317 -0.312208 0
40.34	0 0 0 -1.10993 -0.329266 0
40.36	0 0 0 -1.10609 -0.346145 0
40.38	0 0 0 -1.10164 -0.362834 0
40.4	0 0 0 -1.09658 -0.379323 0
40.42	0 0 0 -1.09092 -0.395602 0
40.44	0 0 0 -1.08465 -0.411663 0
40.46	0 0 0 -1.07778 -0.427496 0
40.48	0 0 0 -1.07033 -0.443094 0
40.5	0 0 0 -1.06228 -0.458449 0
40.52	0 0 0 -1.05366 -0.473556 0
40.54	0 0 0 -1.04447 -0.488409 0
40.56	0 0 0 -1.03473 -0.503002 0
40.58	0 0 0 -1.02445 -0.517331 0
40.6	0 0 0 -1.01364 -0.531395 0
40.62	0 0 0 -1.00231 -0.54519 0
40.64	0 0 0 -0.990496 -0.558716 0
40.66	0 0 0 -0.978201 -0.571972 0
40.68	0 0 0 -0.965445 -0.584959 0
40.7	0 0 0 -0.952249 -0.59768 0
40.72	0 0 0 -0.938631 -0.610136 0
40.74	0 0 0 -0.924613 -0.622331 0
40.76	0 0 0 -0.910215 -0.634271 0
40.78	0 0 0 -0.895458 -0.64596 0
40.8	0 0 0 -0.880362 -0.657406 0
40.82	0 0 0 -0.864951 -0.668615 0
40.84	0 0 0 -0.849244 -0.679596 0
40.86	0 0 0 -0.833264 -0.690359 0
40.88	0 0 0 -0.81703 -0.700911 0
40.9	0 0 0 -0.800565 -0.711265 0
40.92	0 0 0 -0.783887 -0.72143 0
40.94	0 0 0 -0.767017 -0.731418 0
40.96	0 0 0 -0.749974 -0.741241 0
40.98	0 0 0 -0.732776 -0.750911 0
41	0 0 0 -0.715441 -0.76044 0
41.02	0 0 0 -0.697984 -0.76984 0
41.04	0 0 0 -0.680423 -0.779124 0
41.06	0 0 0 -0.66277 -0.788305 0
41.08	0 0 0 -0.645041 -0.797394 0
41.1	0 0 0 -0.627248 -0.806404 0
41.12	0 0 0 -0.609401 -0.815345 0
41.14	0 0 0 -0.591512 -0.824229 0
41.16	0 0 0 -0.573588 -0.833066 0
41.18	0 0 0 -0.555639 -0.841865 0
41.2	0 0 0 -0.53767 -0.850635 0
41.22	0 0 0 -0.519688 -0.859383 0
41.24	0 0 0 -0.501697 -0.868117 0
41.26	0 0 0 -0.483701 -0.876842 0
41.28	0 0 0 -0.465702 -0.885562 0
41.3	0 0 0 -0.447702 -0.894279 0
41.32	0 0 0 -0.429702 -0.902997 0
41.34	0 0 0 -0.411702 -0.911714 0
41.36	0 0 0 -0.393701 -0.92043 0
41.38	0 0 0 -0.375698 -0.929142 0
41.4	0 0 0 -0.357693 -0.937846 0
41.42	0 0 0 -0.339681 -0.946536 0
41.44	0 0 0 -0.321663 -0.955205 0
41.46	0 0 0 -0.303634 -0.963843 0
41.48	0 0 0 -0.285592 -0.972442 0
41.5	0 0 0 -0.267535 -0.980988 0
41.52	0 0 0 -0.249461 -0.98947 0
41.54	0 0 0 -0.231366 -0.997872 0
41.56	0 0 0 -0.21325 -1.00618 0
41.58	0 0 0 -0.19511 -1.01438 0
41.6	0 0 0 -0.176945 -1.02244 0
41.62	0 0 0 -0.158754 -1.03036 0
41.64	0 0 0 -0.140537 -1.03811 0
41.66	0 0 0 -0.122295 -1.04567 0
41.68	0 0 0 -0.104029 -1.05302 0
41.7	0 0 0 -0.0857392 -1.06014 0
41.72	0 0 0 -0.0674291 -1.06701 0
41.74	0 0 0 -0.0491016 -1.0736 0
41.76	0 0 0 -0.0307605 -1.07989 0
41.78	0 0 0 -0.0124102 -1.08586 0
41.8	0 0 0 0.00594404 -1.09149 0
41.82	0 0 0 0.0242963 -1.09675 0
41.84	0 0 0 0.0426399 -1.10162 0
41.86	0 0 0 0.0609677 -1.10609 0
41.88	0 0 0 0.0792717 -1.11012 0
41.9	0 0 0 0.0975436 -1.1137 0
41.92	0 0 0 0.115774 -1.11682 0
41.94	0 0 0 0.133954 -1.11944 0
41.96	0 0 0 0.152074 -1.12156 0
41.98	0 0 0 0.170123 -1.12315 0
42	0 0 0 0.18809 -1.12421 0
42.02	0 0 0 0.205965 -1.12472 0
42.04	0 0 0 0.223736 -1.12466 0
42.06	0 0 0 0.241393 -1.12402 0
42.08	0 0 0 0.258925 -1.1228 0
42.1	0 0 0 0.276319 -1.12099 0
42.12	0 0 0 0.293566 -1.11858 0
42.14	0 0 0 0.310653 -1.11556 0
42.16	0 0 0 0.327572 -1.11193 0
42.18	0 0 0 0.34431 -1.1077 0
42.2	0 0 0 0.360858 -1.10285 0
42.22	0 0 0 0.377207 -1.09739 0
42.24	0 0 0 0.393347 -1.09132 0
42.26	0 0 0 0.40927 -1.08465 0
42.28	0 0 0 0.424968 -1.07739 0
42.3	0 0 0 0.440434 -1.06954 0
42.32	0 0 0 0.455662 -1.06111 0
42.34	0 0 0 0.470645 -1.05211 0
42.36	0 0 0 0.485379 -1.04255 0
42.38	0 0 0 0.499859 -1.03245 0
42.4	0 0 0 0.514084 -1.02181 0
42.42	0 0 0 0.528049 -1.01067 0
42.44	0 0 0 0.541755 -0.999025 0
42.46	0 0 0 0.555201 -0.986903 0
42.48	0 0 0 0.568387 -0.974319 0
42.5	0 0 0 0.581315 -0.961292 0
42.52	0 0 0 0.593987 -0.947843 0
42.54	0 0 0 0.606408 -0.933993 0
42.56	0 0 0 0.618581 -0.919761 0
42.58	0 0 0 0.630512 -0.90517 0
42.6	0 0 0 0.642208 -0.890239 0
42.62	0 0 0 0.653675 -0.874992 0
42.64	0 0 0 0.664921 -0.85945 0
42.66	0 0 0 0.675955 -0.843633 0
42.68	0 0 0 0.686786 -0.827564 0
42.7	0 0 0 0.697425 -0.811262 0
42.72	0 0 0 0.707882 -0.794749 0
42.74	0 0 0 0.718167 -0.778043 0
42.76	0 0 0 0.728293 -0.761165 0
42.78	0 0 0 0.738271 -0.744132 0
42.8	0 0 0 0.748114 -0.726962 0
42.82	0 0 0 0.757832 -0.709672 0
42.84	0 0 0 0.767439 -0.692277 0
42.86	0 0 0 0.776946 -0.674792 0
42.88	0 0 0 0.786366 -0.657231 0
42.9	0 0 0 0.795709 -0.639607 0
42.92	0 0 0 0.804987 -0.62193 0
42.94	0 0 0 0.81421 -0.604211 0
42.96	0 0 0 0.823389 -0.586458 0
42.98	0 0 0 0.832532 -0.568681 0
43	0 0 0 0.841648 -0.550885 0
43.02	0 0 0 0.850744 -0.533075 0
43.04	0 0 0 0.859827 -0.515258 0
43.06	0 0 0 0.868902 -0.497436 0
43.08	0 0 0 0.877972 -0.479611 0
43.1	0 0 0 0.887041 -0.461785 0
43.12	0 0 0 0.89611 -0.443959 0
43.14	0 0 0 0.905179 -0.426133 0
43.16	0 0 0 0.914246 -0.408307 0
43.18	0 0 0 0.923308 -0.390478 0
43.2	0 0 0 0.932361 -0.372645 0
43.22	0 0 0 0.941399 -0.354807 0
43.24	0 0 0 0.950414 -0.33696 0
43.26	0 0 0 0.959398 -0.319101 0
43.28	0 0 0 0.968339 -0.301229 0
43.3	0 0 0 0.977227 -0.28334 0
43.32	0 0 0 0.986048 -0.265431 0
43.34	0 0 0 0.994787 -0.247501 0
43.36	0 0 0 1.00343 -0.229546 0
43.38	0 0 0 1.01196 -0.211565 0
43.4	0 0 0 1.02035 -0.193556 0
43.42	0 0 0 1.02859 -0.175519 0
43.44	0 0 0 1.03666 -0.157452 0
43.46	0 0 0 1.04454 -0.139356 0
43.48	0 0 0 1.05221 -0.121232 0
43.5	0 0 0 1.05964 -0.10308 0
43.52	0 0 0 1.06682 -0.084904 0
43.54	0 0 0 1.07371 -0.0667053 0
43.56	0 0 0 1.0803 -0.0484878 0
43.58	0 0 0 1.08657 -0.0302557 0
43.6	0 0 0 1.09249 -0.0120139 0
43.62	0 0 0 1.09803 0.00623191 0
43.64	0 0 0 1.10319 0.0244755 0
43.66	0 0 0 1.10793 0.04271 0
43.68	0 0 0 1.11224 0.0609277 0
43.7	0 0 0 1.11609 0.0791204 0
43.72	0 0 0 1.11947 0.0972796 0
43.74	0 0 0 1.12236 0.115396 0
43.76	0 0 0 1.12473 0.13346 0
43.78	0 0 0 1.12658 0.151461 0
43.8	0 0 0 1.12789 0.169389 0
43.82	0 0 0 1.12864 0.187234 0
43.84	0 0 0 1.12882 0.204985 0
43.86	0 0 0 1.12842 0.22263 0
43.88	0 0 0 1.12743 0.24016 0
43.9	0 0 0 1.12585 0.257561 0
43.92	0 0 0 1.12366 0.274825 0
43.94	0 0 0 1.12086 0.29194 0
43.96	0 0 0 1.11745 0.308895 0
43.98	0 0 0 1.11343 0.32568 0
44	0 0 0 1.10879 0.342286 0
44.02	0 0 0 1.10353 0.358702 0
44.04	0 0 0 1.09767 0.37492 0
44.06	0 0 0 1.0912 0.390931 0
44.08	0 0 0 1.08414 0.406727 0
44.1	0 0 0 1.07648 0.422302 0
44.12	0 0 0 1.06824 0.437648 0
44.14	0 0 0 1.05942 0.45276 0
44.16	0 0 0 1.05005 0.467633 0
44.18	0 0 0 1.04013 0.482263 0
44.2	0 0 0 1.02968 0.496646 0
44.22	0 0 0 1.01872 0.51078 0
44.24	0 0 0 1.00725 0.524665 0
44.26	0 0 0 0.995308 0.538298 0
44.28	0 0 0 0.982898 0.551681 0
44.3	0 0 0 0.970046 0.564815 0
44.32	0 0 0 0.95677 0.577702 0
44.34	0 0 0 0.943091 0.590347 0
44.36	0 0 0 0.92903 0.602752 0
44.38	0 0 0 0.914609 0.614923 0
44.4	0 0 0 0.899849 0.626867 0
44.42	0 0 0 0.884771 0.638589 0
44.44	0 0 0 0.869398 0.650098 0
44.46	0 0 0 0.853751 0.661402 0
44.48	0 0 0 0.83785 0.67251 0
44.5	0 0 0 0.821718 0.683432 0
44.52	0 0 0 0.805375 0.694178 0
44.54	0 0 0 0.788839 0.704759 0
44.56	0 0 0 0.772131 0.715186 0
44.58	0 0 0 0.75527 0.72547 0
44.6	0 0 0 0.738272 0.735623 0
44.62	0 0 0 0.721154 0.745657 0
44.64	0 0 0 0.703933 0.755584 0
44.66	0 0 0 0.686622 0.765415 0
44.68	0 0 0 0.669236 0.775162 0
44.7	0 0 0 0.651787 0.784836 0
44.72	0 0 0 0.634286 0.794448 0
44.74	0 0 0 0.616744 0.804008 0
44.76	0 0 0 0.59917 0.813526 0
44.78	0 0 0 0.581571 0.82301 0
44.8	0 0 0 0.563954 0.832469 0
44.82	0 0 0 0.546325 0.84191 0
44.84	0 0 0 0.528688 0.851339 0
44.86	0 0 0 0.511046 0.86076 0
44.88	0 0 0 0.493402 0.870178 0
44.9	0 0 0 0.475758 0.879594 0
44.92	0 0 0 0.458113 0.889011 0
44.94	0 0 0 0.440468 0.898427 0
44.96	0 0 0 0.422823 0.907841 0
44.98	0 0 0 0.405174 0.91725 0
45	0 0 0 0.387522 0.926648 0
45.02	0 0 0 0.369862 0.936031 0
45.04	0 0 0 0.352193 0.945389 0
45.06	0 0 0 0.334512 0.954714 0
45.08	0 0 0 0.316815 0.963995 0
45.1	0 0 0 0.2991 0.973221 0
45.12	0 0 0 0.281364 0.982377 0
45.14	0 0 0 0.263603 0.991448 0
45.16	0 0 0 0.245816 1.00042 0
45.18	0 0 0 0.228 1.00927 0
45.2	0 0 0 0.210154 1.01799 0
45.22	0 0 0 0.192275 1.02656 0
45.24	0 0 0 0.174364 1.03495 0
45.26	0 0 0 0.15642 1.04314 0
45.28	0 0 0 0.138443 1.05112 0
45.3	0 0 0 0.120435 1.05886 0
45.32	0 0 0 0.102398 1.06634 0
45.34	0 0 0 0.0843326 1.07353 0
45.36	0 0 0 0.0662436 1.08042 0
45.38	0 0 0 0.0481344 1.08698 0
45.4	0 0 0 0.0300096 1.09318 0
45.42	0 0 0 0.0118746 1.09902 0
45.44	0 0 0 -0.00626476 1.10445 0
45.46	0 0 0 -0.0244017 1.10947 0
45.48	0 0 0 -0.042529 1.11405 0
45.5	0 0 0 -0.0606388 1.11817 0
45.52	0 0 0 -0.0787227 1.12181 0
45.54	0 0 0 -0.0967716 1.12496 0
45.56	0 0 0 -0.114776 1.12759 0
45.58	0 0 0 -0.132727 1.12969 0
45.6	0 0 0 -0.150613 1.13124 0
45.62	0 0 0 -0.168425 1.13224 0
45.64	0 0 0 -0.186152 1.13266 0
45.66	0 0 0 -0.203783 1.13249 0
45.68	0 0 0 -0.221307 1.13174 0
45.7	0 0 0 -0.238714 1.13038 0
45.72	0 0 0 -0.255992 1.12841 0
45.74	0 0 0 -0.273131 1.12584 0
45.76	0 0 0 -0.290121 1.12264 0
45.78	0 0 0 -0.306951 1.11883 0
45.8	0 0 0 -0.323611 1.1144 0
45.82	0 0 0 -0.340093 1.10936 0
45.84	0 0 0 -0.356386 1.1037 0
45.86	0 0 0 -0.372484 1.09743 0
45.88	0 0 0 -0.388377 1.09056 0
45.9	0 0 0 -0.404058 1.0831 0
45.92	0 0 0 -0.419521 1.07505 0
45.94	0 0 0 -0.43476 1.06643 0
45.96	0 0 0 -0.449771 1.05724 0
45.98	0 0 0 -0.464548 1.04751 0
46	0 0 0 -0.479088 1.03725 0
46.02	0 0 0 -0.493389 1.02646 0
46.04	0 0 0 -0.50745 1.01518 0
46.06	0 0 0 -0.521269 1.00341 0
46.08	0 0 0 -0.534848 0.991183 0
46.1	0 0 0 -0.548186 0.978508 0
46.12	0 0 0 -0.561287 0.965408 0
46.14	0 0 0 -0.574153 0.951905 0
46.16	0 0 0 -0.586788 0.93802 0
46.18	0 0 0 -0.599198 0.923774 0
46.2	0 0 0 -0.611387 0.909188 0
46.22	0 0 0 -0.623363 0.894285 0
46.24	0 0 0 -0.635133 0.879086 0
46.26	0 0 0 -0.646705 0.863614 0
46.28	0 0 0 -0.658088 0.847888 0
46.3	0 0 0 -0.669291 0.831931 0
46.32	0 0 0 -0.680324 0.815763 0
46.34	0 0 0 -0.691198 0.799404 0
46.36	0 0 0 -0.701923 0.782873 0
46.38	0 0 0 -0.712511 0.766188 0
46.4	0 0 0 -0.722972 0.749368 0
46.42	0 0 0 -0.733319 0.732429 0
46.44	0 0 0 -0.743563 0.715388 0
46.46	0 0 0 -0.753715 0.698258 0
46.48	0 0 0 -0.763787 0.681053 0
46.5	0 0 0 -0.773789 0.663786 0
46.52	0 0 0 -0.783732 0.646469 0
46.54	0 0 0 -0.793625 0.62911 0
46.56	0 0 0 -0.803479 0.611721 0
46.58	0 0 0 -0.813301 0.594307 0
46.6	0 0 0 -0.8231 0.576876 0
46.62	0 0 0 -0.832882 0.559434 0
46.64	0 0 0 -0.842653 0.541983 0
46.66	0 0 0 -0.852417 0.524529 0
46.68	0 0 0 -0.862179 0.507073 0
46.7	0 0 0 -0.87194 0.489617 0
46.72	0 0 0 -0.8817 0.47216 0
46.74	0 0 0 -0.89146 0.454704 0
46.76	0 0 0 -0.901218 0.437245 0
46.78	0 0 0 -0.910969 0.419784 0
46.8	0 0 0 -0.92071 0.402318 0
46.82	0 0 0 -0.930433 0.384845 0
46.84	0 0 0 -0.94013 0.36736 0
46.86	0 0 0 -0.949793 0.349862 0
46.88	0 0 0 -0.95941 0.332348 0
46.9	0 0 0 -0.968969 0.314813 0
46.92	0 0 0 -0.978456 0.297255 0
46.94	0 0 0 -0.987857 0.27967 0
46.96	0 0 0 -0.997155 0.262057 0
46.98	0 0 0 -1.00633 0.244412 0
47	0 0 0 -1.01537 0.226733 0
47.02	0 0 0 -1.02425 0.209019 0
47.04	0 0 0 -1.03296 0.191269 0
47.06	0 0 0 -1.04146 0.173482 0
47.08	0 0 0 -1.04975 0.155659 0
47.1	0 0 0 -1.05779 0.137799 0
47.12	0 0 0 -1.06557 0.119905 0
47.14	0 0 0 -1.07306 0.101979 0
47.16	0 0 0 -1.08024 0.084023 0
47.18	0 0 0 -1.08709 0.0660413 0
47.2	0 0 0 -1.09358 0.048038 0
47.22	0 0 0 -1.0997 0.0300181 0
47.24	0 0 0 -1.10541 0.0119872 0
47.26	0 0 0 -1.1107 -0.00604818 0
47.28	0 0 0 -1.11555 -0.0240812 0
47.3	0 0 0 -1.11994 -0.0421042 0
47.32	0 0 0 -1.12384 -0.0601091 0
47.34	0 0 0 -1.12724 -0.0780872 0
47.36	0 0 0 -1.13013 -0.0960293 0
47.38	0 0 0 -1.13248 -0.113926 0
47.4	0 0 0 -1.13427 -0.131767 0
47.42	0 0 0 -1.13551 -0.149543 0
47.44	0 0 0 -1.13617 -0.167243 0
47.46	0 0 0 -1.13624 -0.184857 0
47.48	0 0 0 -1.13571 -0.202373 0
47.5	0 0 0 -1.13458 -0.219782 0
47.52	0 0 0 -1.13284 -0.237072 0
47.54	0 0 0 -1.13048 -0.254233 0
47.56	0 0 0 -1.12751 -0.271255 0
47.58	0 0 0 -1.12391 -0.288128 0
47.6	0 0 0 -1.11969 -0.304841 0
47.62	0 0 0 -1.11485 -0.321386 0
47.64	0 0 0 -1.1094 -0.337753 0
47.66	0 0 0 -1.10333 -0.353935 0
47.68	0 0 0 -1.09666 -0.369922 0
47.7	0 0 0 -1.08939 -0.385708 0
47.72	0 0 0 -1.08154 -0.401286 0
47.74	0 0 0 -1.07311 -0.416651 0
47.76	0 0 0 -1.06412 -0.431797 0
47.78	0 0 0 -1.05458 -0.446719 0
47.8	0 0 0 -1.0445 -0.461415 0
47.82	0 0 0 -1.0339 -0.475882 0
47.84	0 0 0 -1.0228 -0.490117 0
47.86	0 0 0 -1.01122 -0.504121 0
47.88	0 0 0 -0.99917 -0.517893 0
47.9	0 0 0 -0.986676 -0.531433 0
47.92	0 0 0 -0.973757 -0.544745 0
47.94	0 0 0 -0.960435 -0.557831 0
47.96	0 0 0 -0.946729 -0.570695 0
47.98	0 0 0 -0.932662 -0.583341 0
48	0 0 0 -0.918256 -0.595774 0
48.02	0 0 0 -0.903533 -0.608002 0
48.04	0 0 0 -0.888513 -0.620031 0
48.06	0 0 0 -0.87322 -0.631868 0
48.08	0 0 0 -0.857675 -0.643523 0
48.1	0 0 0 -0.841899 -0.655005 0
48.12	0 0 0 -0.825912 -0.666323 0
48.14	0 0 0 -0.809735 -0.677487 0
48.16	0 0 0 -0.793386 -0.688508 0
48.18	0 0 0 -0.776885 -0.699397 0
48.2	0 0 0 -0.760249 -0.710164 0
48.22	0 0 0 -0.743496 -0.720821 0
48.24	0 0 0 -0.72664 -0.73138 0
48.26	0 0 0 -0.709697 -0.74185 0
48.28	0 0 0 -0.69268 -0.752243 0
48.3	0 0 0 -0.675602 -0.76257 0
48.32	0 0 0 -0.658474 -0.772841 0
48.34	0 0 0 -0.641306 -0.783064 0
48.36	0 0 0 -0.624108 -0.793251 0
48.38	0 0 0 -0.606887 -0.803408 0
48.4	0 0 0 -0.589649 -0.813543 0
48.42	0 0 0 -0.572399 -0.823662 0
48.44	0 0 0 -0.555143 -0.833772 0
48.46	0 0 0 -0.537883 -0.843876 0
48.48	0 0 0 -0.520622 -0.853978 0
48.5	0 0 0 -0.50336 -0.864079 0
48.52	0 0 0 -0.486098 -0.87418 0
48.54	0 0 0 -0.468836 -0.88428 0
48.56	0 0 0 -0.451572 -0.894377 0
48.58	0 0 0 -0.434305 -0.904468 0
48.6	0 0 0 -0.417032 -0.914546 0
48.62	0 0 0 -0.39975 -0.924606 0
48.64	0 0 0 -0.382457 -0.934638 0
48.66	0 0 0 -0.365149 -0.944635 0
48.68	0 0 0 -0.347822 -0.954583 0
48.7	0 0 0 -0.330474 -0.964472 0
48.72	0 0 0 -0.3131 -0.974286 0
48.74	0 0 0 -0.295698 -0.984012 0
48.76	0 0 0 -0.278264 -0.993633 0
48.78	0 0 0 -0.260796 -1.00313 0
48.8	0 0 0 -0.24329 -1.01249 0
48.82	0 0 0 -0.225747 -1.02168 0
48.84	0 0 0 -0.208163 -1.0307 0
48.86	0 0 0 -0.190539 -1.03951 0
48.88	0 0 0 -0.172873 -1.0481 0
48.9	0 0 0 -0.155167 -1.05644 0
48.92	0 0 0 -0.137422 -1.06452 0
48.94	0 0 0 -0.119639 -1.0723 0
48.96	0 0 0 -0.101821 -1.07977 0
48.98	0 0 0 -0.0839715 -1.08691 0
49	0 0 0 -0.066094 -1.09368 0
49.02	0 0 0 -0.0481935 -1.10007 0
49.04	0 0 0 -0.0302752 -1.10606 0
49.06	0 0 0 -0.0123453 -1.11163 0
49.08	0 0 0 0.00558952 -1.11674 0
49.1	0 0 0 0.023522 -1.12139 0
49.12	0 0 0 0.0414444 -1.12555 0
49.14	0 0 0 0.0593481 -1.12921 0
49.16	0 0 0 0.0772244 -1.13234 0
49.18	0 0 0 0.0950639 -1.13494 0
49.2	0 0 0 0.112857 -1.13698 0
49.22	0 0 0 0.130594 -1.13846 0
49.24	0 0 0 0.148264 -1.13935 0
49.26	0 0 0 0.165858 -1.13966 0
49.28	0 0 0 0.183364 -1.13936 0
49.3	0 0 0 0.200772 -1.13846 0
49.32	0 0 0 0.218072 -1.13694 0
49.34	0 0 0 0.235253 -1.1348 0
49.36	0 0 0 0.252305 -1.13204 0
49.38	0 0 0 0.269217 -1.12865 0
49.4	0 0 0 0.285982 -1.12465 0
49.42	0 0 0 0.302587 -1.12002 0
49.44	0 0 0 0.319026 -1.11477 0
49.46	0 0 0 0.33529 -1.1089 0
49.48	0 0 0 0.351369 -1.10244 0
49.5	0 0 0 0.367258 -1.09537 0
49.52	0 0 0 0.38295 -1.08771 0
49.54	0 0 0 0.398438 -1.07948 0
49.56	0 0 0 0.413717 -1.07068 0
49.58	0 0 0 0.428784 -1.06132 0
49.6	0 0 0 0.443633 -1.05144 0
49.62	0 0 0 0.458263 -1.04103 0
49.64	0 0 0 0.472672 -1.03012 0
49.66	0 0 0 0.486858 -1.01872 0
49.68	0 0 0 0.500821 -1.00686 0
49.7	0 0 0 0.514562 -0.994549 0
49.72	0 0 0 0.528084 -0.981815 0
49.74	0 0 0 0.541388 -0.968677 0
49.76	0 0 0 0.554477 -0.955156 0
49.78	0 0 0 0.567357 -0.941273 0
49.8	0 0 0 0.580033 -0.927051 0
49.82	0 0 0 0.59251 -0.912512 0
49.84	0 0 0 0.604795 -0.897677 0
49.86	0 0 0 0.616896 -0.88257 0
49.88	0 0 0 0.628821 -0.86721 0
49.9	0 0 0 0.640579 -0.85162 0
49.92	0 0 0 0.652179 -0.83582 0
49.94	0 0 0 0.663631 -0.81983 0
49.96	0 0 0 0.674945 -0.80367 0
49.98	0 0 0 0.686132 -0.787359 0
50	0 0 0 0.697203 -0.770913 0
50.02	0 0 0 0.708167 -0.754351 0
50.04	0 0 0 0.719037 -0.737687 0
50.06	0 0 0 0.729822 -0.720938 0
50.08	0 0 0 0.740534 -0.704115 0
50.1	0 0 0 0.751183 -0.687233 0
50.12	0 0 0 0.761778 -0.670301 0
50.14	0 0 0 0.772329 -0.65333 0
50.16	0 0 0 0.782844 -0.63633 0
50.18	0 0 0 0.793332 -0.619307 0
50.2	0 0 0 0.8038 -0.602269 0
50.22	0 0 0 0.814254 -0.58522 0
50.24	0 0 0 0.824698 -0.568164 0
50.26	0 0 0 0.835138 -0.551105 0
50.28	0 0 0 0.845576 -0.534045 0
50.3	0 0 0 0.856014 -0.516985 0
50.32	0 0 0 0.866451 -0.499924 0
50.34	0 0 0 0.876888 -0.482863 0
50.36	0 0 0 0.887321 -0.4658 0
50.38	0 0 0 0.897746 -0.448733 0
50.4	0 0 0 0.908158 -0.43166 0
50.42	0 0 0 0.91855 -0.414577 0
50.44	0 0 0 0.928914 -0.397481 0
50.46	0 0 0 0.939239 -0.380368 0
50.48	0 0 0 0.949516 -0.363236 0
50.5	0 0 0 0.95973 -0.34608 0
50.52	0 0 0 0.969868 -0.328897 0
50.54	0 0 0 0.979914 -0.311682 0
50.56	0 0 0 0.989853 -0.294434 0
50.58	0 0 0 0.999666 -0.277148 0
50.6	0 0 0 1.00934 -0.259822 0
50.62	0 0 0 1.01884 -0.242454 0
50.64	0 0 0 1.02816 -0.225042 0
50.66	0 0 0 1.03728 -0.207585 0
50.68	0 0 0 1.04617 -0.190083 0
50.7	0 0 0 1.05481 -0.172535 0
50.72	0 0 0 1.06318 -0.154943 0
50.74	0 0 0 1.07125 -0.137309 0
50.76	0 0 0 1.07901 -0.119633 0
50.78	0 0 0 1.08643 -0.10192 0
50.8	0 0 0 1.09348 -0.0841726 0
50.82	0 0 0 1.10015 -0.0663956 0
50.84	0 0 0 1.10641 -0.048594 0
50.86	0 0 0 1.11224 -0.0307735 0
50.88	0 0 0 1.11762 -0.0129406 0
50.9	0 0 0 1.12252 0.00489784 0
50.92	0 0 0 1.12694 0.0227341 0
50.94	0 0 0 1.13085 0.0405601 0
50.96	0 0 0 1.13424 0.0583672 0
50.98	0 0 0 1.13708 0.0761465 0
51	0 0 0 1.13936 0.0938884 0
51.02	0 0 0 1.14108 0.111583 0
51.04	0 0 0 1.14221 0.129221 0
51.06	0 0 0 1.14275 0.146792 0
51.08	0 0 0 1.14268 0.164285 0
51.1	0 0 0 1.142 0.18169 0
51.12	0 0 0 1.1407 0.198997 0
51.14	0 0 0 1.13878 0.216195 0
51.16	0 0 0 1.13624 0.233275 0
51.18	0 0 0 1.13307 0.250226 0
51.2	0 0 0 1.12927 0.267038 0
51.22	0 0 0 1.12485 0.283703 0
51.24	0 0 0 1.11981 0.300212 0
51.26	0 0 0 1.11415 0.316555 0
51.28	0 0 0 1.10788 0.332725 0
51.3	0 0 0 1.10102 0.348715 0
51.32	0 0 0 1.09356 0.364518 0
51.34	0 0 0 1.08552 0.380128 0
51.36	0 0 0 1.07691 0.395539 0
51.38	0 0 0 1.06776 0.410747 0
51.4	0 0 0 1.05806 0.425748 0
51.42	0 0 0 1.04785 0.44054 0
51.44	0 0 0 1.03712 0.455119 0
51.46	0 0 0 1.02592 0.469485 0
51.48	0 0 0 1.01425 0.483638 0
51.5	0 0 0 1.00213 0.497579 0
51.52	0 0 0 0.989581 0.511307 0
51.54	0 0 0 0.976631 0.524827 0
51.56	0 0 0 0.963298 0.53814 0
51.58	0 0 0 0.949604 0.551252 0
51.6	0 0 0 0.935571 0.564168 0
51.62	0 0 0 0.921221 0.576892 0
51.64	0 0 0 0.906577 0.589431 0
51.66	0 0 0 0.891659 0.601793 0
51.68	0 0 0 0.876491 0.613986 0
51.7	0 0 0 0.861092 0.626017 0
51.72	0 0 0 0.845485 0.637897 0
51.74	0 0 0 0.829689 0.649634 0
51.76	0 0 0 0.813723 0.661239 0
51.78	0 0 0 0.797607 0.672721 0
51.8	0 0 0 0.781358 0.684091 0
51.82	0 0 0 0.764993 0.69536 0
51.84	0 0 0 0.748529 0.706538 0
51.86	0 0 0 0.731978 0.717636 0
51.88	0 0 0 0.715357 0.728663 0
51.9	0 0 0 0.698676 0.73963 0
51.92	0 0 0 0.681947 0.750546 0
51.94	0 0 0 0.66518 0.76142 0
51.96	0 0 0 0.648384 0.772261 0
51.98	0 0 0 0.631567 0.783077 0
52	0 0 0 0.614735 0.793874 0
52.02	0 0 0 0.597892 0.804658 0
52.04	0 0 0 0.581044 0.815434 0
52.06	0 0 0 0.564193 0.826205 0
52.08	0 0 0 0.54734 0.836976 0
52.1	0 0 0 0.530488 0.847746 0
52.12	0 0 0 0.513635 0.858516 0
52.14	0 0 0 0.496782 0.869284 0
52.16	0 0 0 0.479926 0.880049 0
52.18	0 0 0 0.463066 0.890805 0
52.2	0 0 0 0.446198 0.901546 0
52.22	0 0 0 0.42932 0.912267 0
52.24	0 0 0 0.412427 0.922957 0
52.26	0 0 0 0.395517 0.933608 0
52.28	0 0 0 0.378585 0.944208 0
52.3	0 0 0 0.361628 0.954743 0
52.32	0 0 0 0.344641 0.9652 0
52.34	0 0 0 0.32762 0.975563 0
52.36	0 0 0 0.310562 0.985816 0
52.38	0 0 0 0.293464 0.995941 0
52.4	0 0 0 0.276323 1.00592 0
52.42	0 0 0 0.259135 1.01573 0
52.44	0 0 0 0.2419 1.02535 0
52.46	0 0 0 0.224616 1.03477 0
52.48	0 0 0 0.207283 1.04396 0
52.5	0 0 0 0.189898 1.05289 0
52.52	0 0 0 0.172465 1.06155 0
52.54	0 0 0 0.154983 1.06991 0
52.56	0 0 0 0.137454 1.07795 0
52.58	0 0 0 0.119882 1.08564 0
52.6	0 0 0 0.102269 1.09297 0
52.62	0 0 0 0.0846192 1.09991 0
52.64	0 0 0 0.0669381 1.10644 0
52.66	0 0 0 0.0492309 1.11254 0
52.68	0 0 0 0.0315036 1.11818 0
52.7	0 0 0 0.0137629 1.12334 0
52.72	0 0 0 -0.00398386 1.12802 0
52.74	0 0 0 -0.0217288 1.13218 0
52.76	0 0 0 -0.0394636 1.13581 0
52.78	0 0 0 -0.0571794 1.13889 0
52.8	0 0 0 -0.074867 1.14142 0
52.82	0 0 0 -0.092517 1.14337 0
52.84	0 0 0 -0.11012 1.14474 0
52.86	0 0 0 -0.127665 1.1455 0
52.88	0 0 0 -0.145142 1.14566 0
52.9	0 0 0 -0.162542 1.14521 0
52.92	0 0 0 -0.179853 1.14413 0
52.94	0 0 0 -0.197067 1.14244 0
52.96	0 0 0 -0.214172 1.14011 0
52.98	0 0 0 -0.231158 1.13715 0
53	0 0 0 -0.248017 1.13357 0
53.02	0 0 0 -0.264739 1.12935 0
53.04	0 0 0 -0.281315 1.12452 0
53.06	0 0 0 -0.297736 1.11907 0
53.08	0 0 0 -0.313995 1.113 0
