0	0 0 0 1 0 0
0.02	0 0 0 1 0.02 0
0.04	0 0 0 1 0.04 0
0.06	0 0 0 0.999999 0.06 0
0.08	0 0 0 0.999995 0.0799998 0
0.1	0 0 0 0.999984 0.0999993 0
0.12	0 0 0 0.99996 0.119998 0
0.14	0 0 0 0.999916 0.139994 0
0.16	0 0 0 0.999844 0.159987 0
0.18	0 0 0 0.999734 0.179975 0
0.2	0 0 0 0.999574 0.199955 0
0.22	0 0 0 0.999352 0.219923 0
0.24	0 0 0 0.999054 0.239876 0
0.26	0 0 0 0.998665 0.25981 0
0.28	0 0 0 0.998169 0.279717 0
0.3	0 0 0 0.99755 0.299593 0
0.32	0 0 0 0.996789 0.319429 0
0.34	0 0 0 0.99587 0.339217 0
0.36	0 0 0 0.994772 0.358948 0
0.38	0 0 0 0.993477 0.378612 0
0.4	0 0 0 0.991966 0.398198 0
0.42	0 0 0 0.990219 0.417694 0
0.44	0 0 0 0.988216 0.437087 0
0.46	0 0 0 0.985937 0.456364 0
0.48	0 0 0 0.983364 0.475511 0
0.5	0 0 0 0.980477 0.494513 0
0.52	0 0 0 0.977258 0.513353 0
0.54	0 0 0 0.973688 0.532018 0
0.56	0 0 0 0.96975 0.550488 0
0.58	0 0 0 0.965428 0.568749 0
0.6	0 0 0 0.960705 0.586782 0
0.62	0 0 0 0.955567 0.604571 0
0.64	0 0 0 0.95 0.622098 0
0.66	0 0 0 0.943991 0.639345 0
0.68	0 0 0 0.937528 0.656294 0
0.7	0 0 0 0.930602 0.67293 0
0.72	0 0 0 0.923202 0.689234 0
0.74	0 0 0 0.91532 0.705191 0
0.76	0 0 0 0.906952 0.720783 0
0.78	0 0 0 0.898091 0.735996 0
0.8	0 0 0 0.888733 0.750814 0
0.82	0 0 0 0.878877 0.765224 0
0.84	0 0 0 0.868521 0.779212 0
0.86	0 0 0 0.857667 0.792766 0
0.88	0 0 0 0.846316 0.805874 0
0.9	0 0 0 0.834472 0.818526 0
0.92	0 0 0 0.822139 0.830714 0
0.94	0 0 0 0.809324 0.842427 0
0.96	0 0 0 0.796034 0.853662 0
0.98	0 0 0 0.782278 0.864411 0
1	0 0 0 0.768066 0.87467 0
1.02	0 0 0 0.753409 0.884438 0
1.04	0 0 0 0.738318 0.893713 0
1.06	0 0 0 0.722808 0.902495 0
1.08	0 0 0 0.706893 0.910786 0
1.1	0 0 0 0.690586 0.91859 0
1.12	0 0 0 0.673905 0.92591 0
1.14	0 0 0 0.656865 0.932753 0
1.16	0 0 0 0.639483 0.939126 0
1.18	0 0 0 0.621777 0.945039 0
1.2	0 0 0 0.603764 0.950501 0
1.22	0 0 0 0.585462 0.955525 0
1.24	0 0 0 0.566891 0.960123 0
1.26	0 0 0 0.548067 0.96431 0
1.28	0 0 0 0.529009 0.968101 0
1.3	0 0 0 0.509736 0.971513 0
1.32	0 0 0 0.490265 0.974561 0
1.34	0 0 0 0.470613 0.977266 0
1.36	0 0 0 0.450797 0.979646 0
1.38	0 0 0 0.430835 0.981721 0
1.4	0 0 0 0.410742 0.983511 0
1.42	0 0 0 0.390533 0.985037 0
1.44	0 0 0 0.370222 0.98632 0
1.46	0 0 0 0.349823 0.987381 0
1.48	0 0 0 0.329349 0.988242 0
1.5	0 0 0 0.308812 0.988924 0
1.52	0 0 0 0.288222 0.989447 0
1.54	0 0 0 0.267589 0.989833 0
1.56	0 0 0 0.246922 0.990102 0
1.58	0 0 0 0.226228 0.990272 0
1.6	0 0 0 0.205515 0.990364 0
1.62	0 0 0 0.184787 0.990393 0
1.64	0 0 0 0.16405 0.990378 0
1.66	0 0 0 0.143308 0.990334 0
1.68	0 0 0 0.122563 0.990274 0
1.7	0 0 0 0.101818 0.990211 0
1.72	0 0 0 0.0810737 0.990157 0
1.74	0 0 0 0.0603314 0.990122 0
1.76	0 0 0 0.0395913 0.990112 0
1.78	0 0 0 0.0188531 0.990135 0
1.8	0 0 0 -0.00188365 0.990194 0
1.82	0 0 0 -0.0226197 0.990291 0
1.84	0 0 0 -0.0433557 0.990428 0
1.86	0 0 0 -0.0640927 0.990603 0
1.88	0 0 0 -0.0848311 0.990812 0
1.9	0 0 0 -0.105571 0.99105 0
1.92	0 0 0 -0.126314 0.991311 0
1.94	0 0 0 -0.147057 0.991584 0
1.96	0 0 0 -0.167801 0.991861 0
1.98	0 0 0 -0.188544 0.992128 0
2	0 0 0 -0.209283 0.992371 0
2.02	0 0 0 -0.230014 0.992575 0
2.04	0 0 0 -0.250733 0.992724 0
2.06	0 0 0 -0.271436 0.9928 0
2.08	0 0 0 -0.292115 0.992782 0
2.1	0 0 0 -0.312763 0.992652 0
2.12	0 0 0 -0.333372 0.992388 0
2.14	0 0 0 -0.353932 0.991969 0
2.16	0 0 0 -0.374432 0.991372 0
2.18	0 0 0 -0.39486 0.990574 0
2.2	0 0 0 -0.415204 0.989553 0
2.22	0 0 0 -0.43545 0.988285 0
2.24	0 0 0 -0.455583 0.986748 0
2.26	0 0 0 -0.475587 0.984917 0
2.28	0 0 0 -0.495445 0.982772 0
2.3	0 0 0 -0.51514 0.980289 0
2.32	0 0 0 -0.534654 0.977446 0
2.34	0 0 0 -0.553968 0.974223 0
2.36	0 0 0 -0.573063 0.9706 0
2.38	0 0 0 -0.591919 0.966557 0
2.4	0 0 0 -0.610517 0.962076 0
2.42	0 0 0 -0.628836 0.95714 0
2.44	0 0 0 -0.646857 0.951733 0
2.46	0 0 0 -0.664558 0.94584 0
2.48	0 0 0 -0.68192 0.939449 0
2.5	0 0 0 -0.698924 0.932547 0
2.52	0 0 0 -0.71555 0.925125 0
2.54	0 0 0 -0.731779 0.917173 0
2.56	0 0 0 -0.747593 0.908685 0
2.58	0 0 0 -0.762974 0.899655 0
2.6	0 0 0 -0.777907 0.890079 0
2.62	0 0 0 -0.792375 0.879955 0
2.64	0 0 0 -0.806363 0.869283 0
2.66	0 0 0 -0.819859 0.858063 0
2.68	0 0 0 -0.832849 0.846299 0
2.7	0 0 0 -0.845324 0.833994 0
2.72	0 0 0 -0.857272 0.821155 0
2.74	0 0 0 -0.868687 0.80779 0
2.76	0 0 0 -0.879561 0.793907 0
2.78	0 0 0 -0.88989 0.779516 0
2.8	0 0 0 -0.89967 0.764631 0
2.82	0 0 0 -0.908899 0.749262 0
2.84	0 0 0 -0.917578 0.733426 0
2.86	0 0 0 -0.925707 0.717137 0
2.88	0 0 0 -0.93329 0.700412 0
2.9	0 0 0 -0.940333 0.683268 0
2.92	0 0 0 -0.946842 0.665723 0
2.94	0 0 0 -0.952826 0.647796 0
2.96	0 0 0 -0.958294 0.629507 0
2.98	0 0 0 -0.963259 0.610876 0
3	0 0 0 -0.967734 0.591923 0
3.02	0 0 0 -0.971734 0.572669 0
3.04	0 0 0 -0.975275 0.553134 0
3.06	0 0 0 -0.978375 0.53334 0
3.08	0 0 0 -0.981054 0.513306 0
3.1	0 0 0 -0.983331 0.493054 0
3.12	0 0 0 -0.985228 0.472602 0
3.14	0 0 0 -0.986768 0.451971 0
3.16	0 0 0 -0.987973 0.43118 0
3.18	0 0 0 -0.988868 0.410247 0
3.2	0 0 0 -0.989477 0.389189 0
3.22	0 0 0 -0.989825 0.368023 0
3.24	0 0 0 -0.989938 0.346764 0
3.26	0 0 0 -0.98984 0.325427 0
3.28	0 0 0 -0.989558 0.304025 0
3.3	0 0 0 -0.989116 0.282571 0
3.32	0 0 0 -0.98854 0.261076 0
3.34	0 0 0 -0.987854 0.239549 0
3.36	0 0 0 -0.987081 0.217999 0
3.38	0 0 0 -0.986243 0.196433 0
3.4	0 0 0 -0.985363 0.174859 0
3.42	0 0 0 -0.984462 0.153279 0
3.44	0 0 0 -0.983557 0.1317 0
3.46	0 0 0 -0.982667 0.110122 0
3.48	0 0 0 -0.981807 0.0885489 0
3.5	0 0 0 -0.980991 0.0669805 0
3.52	0 0 0 -0.980233 0.0454172 0
3.54	0 0 0 -0.97954 0.0238585 0
3.56	0 0 0 -0.978923 0.00230322 0
3.58	0 0 0 -0.978387 -0.0192501 0
3.6	0 0 0 -0.977934 -0.0408032 0
3.62	0 0 0 -0.977568 -0.062358 0
3.64	0 0 0 -0.977286 -0.0839163 0
3.66	0 0 0 -0.977085 -0.10548 0
3.68	0 0 0 -0.976961 -0.12705 0
3.7	0 0 0 -0.976906 -0.148627 0
3.72	0 0 0 -0.976909 -0.170212 0
3.74	0 0 0 -0.976959 -0.191805 0
3.76	0 0 0 -0.977042 -0.213403 0
3.78	0 0 0 -0.977143 -0.235004 0
3.8	0 0 0 -0.977243 -0.256605 0
3.82	0 0 0 -0.977323 -0.278202 0
3.84	0 0 0 -0.977364 -0.299788 0
3.86	0 0 0 -0.977342 -0.321357 0
3.88	0 0 0 -0.977235 -0.342899 0
3.9	0 0 0 -0.977019 -0.364405 0
3.92	0 0 0 -0.976668 -0.385864 0
3.94	0 0 0 -0.976156 -0.407263 0
3.96	0 0 0 -0.975458 -0.428589 0
3.98	0 0 0 -0.974548 -0.449826 0
4	0 0 0 -0.973397 -0.470957 0
4.02	0 0 0 -0.97198 -0.491965 0
4.04	0 0 0 -0.97027 -0.512832 0
4.06	0 0 0 -0.968241 -0.533537 0
4.08	0 0 0 -0.965868 -0.55406 0
4.1	0 0 0 -0.963125 -0.57438 0
4.12	0 0 0 -0.959988 -0.594473 0
4.14	0 0 0 -0.956434 -0.614318 0
4.16	0 0 0 -0.952441 -0.633891 0
4.18	0 0 0 -0.947987 -0.653168 0
4.2	0 0 0 -0.943054 -0.672126 0
4.22	0 0 0 -0.937623 -0.69074 0
4.24	0 0 0 -0.931676 -0.708988 0
4.26	0 0 0 -0.9252 -0.726845 0
4.28	0 0 0 -0.91818 -0.744289 0
4.3	0 0 0 -0.910605 -0.761296 0
4.32	0 0 0 -0.902465 -0.777845 0
4.34	0 0 0 -0.893751 -0.793915 0
4.36	0 0 0 -0.884456 -0.809484 0
4.38	0 0 0 -0.874578 -0.824534 0
4.4	0 0 0 -0.864112 -0.839047 0
4.42	0 0 0 -0.853058 -0.853006 0
4.44	0 0 0 -0.841418 -0.866395 0
4.46	0 0 0 -0.829194 -0.879201 0
4.48	0 0 0 -0.816391 -0.89141 0
4.5	0 0 0 -0.803016 -0.903013 0
4.52	0 0 0 -0.789077 -0.913999 0
4.54	0 0 0 -0.774584 -0.924363 0
4.56	0 0 0 -0.759548 -0.934098 0
4.58	0 0 0 -0.743983 -0.943202 0
4.6	0 0 0 -0.727904 -0.951673 0
4.62	0 0 0 -0.711326 -0.959512 0
4.64	0 0 0 -0.694266 -0.966721 0
4.66	0 0 0 -0.676743 -0.973306 0
4.68	0 0 0 -0.658777 -0.979272 0
4.7	0 0 0 -0.640387 -0.98463 0
4.72	0 0 0 -0.621594 -0.989389 0
4.74	0 0 0 -0.602421 -0.993563 0
4.76	0 0 0 -0.58289 -0.997167 0
4.78	0 0 0 -0.563022 -1.00022 0
4.8	0 0 0 -0.542842 -1.00273 0
4.82	0 0 0 -0.522372 -1.00473 0
4.84	0 0 0 -0.501634 -1.00624 0
4.86	0 0 0 -0.480653 -1.00727 0
4.88	0 0 0 -0.459449 -1.00786 0
4.9	0 0 0 -0.438045 -1.00803 0
4.92	0 0 0 -0.416463 -1.00781 0
4.94	0 0 0 -0.394723 -1.00723 0
4.96	0 0 0 -0.372845 -1.00631 0
4.98	0 0 0 -0.350847 -1.00509 0
5	0 0 0 -0.328747 -1.00359 0
5.02	0 0 0 -0.306563 -1.00185 0
5.04	0 0 0 -0.284309 -0.999897 0
5.06	0 0 0 -0.261998 -0.99776 0
5.08	0 0 0 -0.239645 -0.995471 0
5.1	0 0 0 -0.217259 -0.99306 0
5.12	0 0 0 -0.194851 -0.990557 0
5.14	0 0 0 -0.172429 -0.987988 0
5.16	0 0 0 -0.15 -0.985382 0
5.18	0 0 0 -0.127569 -0.982764 0
5.2	0 0 0 -0.105139 -0.98016 0
5.22	0 0 0 -0.0827142 -0.977591 0
5.24	0 0 0 -0.0602954 -0.975078 0
5.26	0 0 0 -0.037883 -0.972641 0
5.28	0 0 0 -0.0154763 -0.970296 0
5.3	0 0 0 0.00692624 -0.968058 0
5.32	0 0 0 0.0293269 -0.965938 0
5.34	0 0 0 0.0517285 -0.963945 0
5.36	0 0 0 0.0741342 -0.962087 0
5.38	0 0 0 0.0965473 -0.960367 0
5.4	0 0 0 0.118971 -0.958787 0
5.42	0 0 0 0.141409 -0.957346 0
5.44	0 0 0 0.163863 -0.956039 0
5.46	0 0 0 0.186337 -0.95486 0
5.48	0 0 0 0.20883 -0.953799 0
5.5	0 0 0 0.231345 -0.952844 0
5.52	0 0 0 0.253879 -0.951982 0
5.54	0 0 0 0.276432 -0.951196 0
5.56	0 0 0 0.299001 -0.950466 0
5.58	0 0 0 0.321579 -0.949773 0
5.6	0 0 0 0.344162 -0.949093 0
5.62	0 0 0 0.366742 -0.948404 0
5.64	0 0 0 0.389308 -0.947678 0
5.66	0 0 0 0.411851 -0.946889 0
5.68	0 0 0 0.434355 -0.94601 0
5.7	0 0 0 0.456808 -0.945011 0
5.72	0 0 0 0.479193 -0.943863 0
5.74	0 0 0 0.501491 -0.942537 0
5.76	0 0 0 0.523683 -0.941002 0
5.78	0 0 0 0.545748 -0.939227 0
5.8	0 0 0 0.567664 -0.937184 0
5.82	0 0 0 0.589406 -0.934843 0
5.84	0 0 0 0.61095 -0.932174 0
5.86	0 0 0 0.632269 -0.92915 0
5.88	0 0 0 0.653338 -0.925742 0
5.9	0 0 0 0.674127 -0.921925 0
5.92	0 0 0 0.69461 -0.917673 0
5.94	0 0 0 0.714757 -0.912961 0
5.96	0 0 0 0.73454 -0.907769 0
5.98	0 0 0 0.75393 -0.902074 0
6	0 0 0 0.772897 -0.895858 0
6.02	0 0 0 0.791414 -0.889103 0
6.04	0 0 0 0.809453 -0.881793 0
6.06	0 0 0 0.826985 -0.873914 0
6.08	0 0 0 0.843984 -0.865455 0
6.1	0 0 0 0.860425 -0.856405 0
6.12	0 0 0 0.876283 -0.846758 0
6.14	0 0 0 0.891534 -0.836506 0
6.16	0 0 0 0.906156 -0.825648 0
6.18	0 0 0 0.920129 -0.81418 0
6.2	0 0 0 0.933434 -0.802103 0
6.22	0 0 0 0.946054 -0.789421 0
6.24	0 0 0 0.957975 -0.776137 0
6.26	0 0 0 0.969182 -0.762258 0
6.28	0 0 0 0.979666 -0.747792 0
6.3	0 0 0 0.989416 -0.732751 0
6.32	0 0 0 0.998428 -0.717145 0
6.34	0 0 0 1.0067 -0.700989 0
6.36	0 0 0 1.01422 -0.684297 0
6.38	0 0 0 1.021 -0.667088 0
6.4	0 0 0 1.02704 -0.649378 0
6.42	0 0 0 1.03234 -0.631188 0
6.44	0 0 0 1.03692 -0.612539 0
6.46	0 0 0 1.04078 -0.593451 0
6.48	0 0 0 1.04393 -0.573947 0
6.5	0 0 0 1.0464 -0.554051 0
6.52	0 0 0 1.04819 -0.533786 0
6.54	0 0 0 1.04934 -0.513177 0
6.56	0 0 0 1.04986 -0.492247 0
6.58	0 0 0 1.04977 -0.471023 0
6.6	0 0 0 1.04911 -0.449527 0
6.62	0 0 0 1.04789 -0.427785 0
6.64	0 0 0 1.04616 -0.40582 0
6.66	0 0 0 1.04394 -0.383656 0
6.68	0 0 0 1.04126 -0.361315 0
6.7	0 0 0 1.03816 -0.338819 0
6.72	0 0 0 1.03468 -0.31619 0
6.74	0 0 0 1.03084 -0.293446 0
6.76	0 0 0 1.02669 -0.270606 0
6.78	0 0 0 1.02227 -0.247688 0
6.8	0 0 0 1.01761 -0.224707 0
6.82	0 0 0 1.01274 -0.201677 0
6.84	0 0 0 1.00771 -0.17861 0
6.86	0 0 0 1.00256 -0.155519 0
6.88	0 0 0 0.997307 -0.13241 0
6.9	0 0 0 0.992 -0.109293 0
6.92	0 0 0 0.986669 -0.0861728 0
6.94	0 0 0 0.981346 -0.0630533 0
6.96	0 0 0 0.976061 -0.0399372 0
6.98	0 0 0 0.970843 -0.0168253 0
7	0 0 0 0.965717 0.00628275 0
7.02	0 0 0 0.960707 0.0293888 0
7.04	0 0 0 0.955834 0.0524958 0
7.06	0 0 0 0.951116 0.0756075 0
7.08	0 0 0 0.946569 0.0987286 0
7.1	0 0 0 0.942205 0.121864 0
7.12	0 0 0 0.938033 0.14502 0
7.14	0 0 0 0.934059 0.168201 0
7.16	0 0 0 0.930287 0.191414 0
7.18	0 0 0 0.926714 0.214662 0
7.2	0 0 0 0.923338 0.237951 0
7.22	0 0 0 0.920153 0.261284 0
7.24	0 0 0 0.917147 0.284663 0
7.26	0 0 0 0.914309 0.30809 0
7.28	0 0 0 0.911622 0.331564 0
7.3	0 0 0 0.909069 0.355083 0
7.32	0 0 0 0.906628 0.378643 0
7.34	0 0 0 0.904277 0.402237 0
7.36	0 0 0 0.90199 0.425859 0
7.38	0 0 0 0.899741 0.449498 0
7.4	0 0 0 0.897501 0.47314 0
7.42	0 0 0 0.895241 0.496773 0
7.44	0 0 0 0.892929 0.520378 0
7.46	0 0 0 0.890533 0.543937 0
7.48	0 0 0 0.888022 0.567429 0
7.5	0 0 0 0.885362 0.59083 0
7.52	0 0 0 0.882521 0.614115 0
7.54	0 0 0 0.879465 0.637256 0
7.56	0 0 0 0.876163 0.660227 0
7.58	0 0 0 0.872582 0.682995 0
7.6	0 0 0 0.868691 0.705529 0
7.62	0 0 0 0.864459 0.727797 0
7.64	0 0 0 0.859858 0.749765 0
7.66	0 0 0 0.854858 0.771398 0
7.68	0 0 0 0.849434 0.79266 0
7.7	0 0 0 0.843561 0.813517 0
7.72	0 0 0 0.837214 0.833931 0
7.74	0 0 0 0.830372 0.853869 0
7.76	0 0 0 0.823015 0.873294 0
7.78	0 0 0 0.815125 0.892171 0
7.8	0 0 0 0.806687 0.910465 0
7.82	0 0 0 0.797686 0.928144 0
7.84	0 0 0 0.788111 0.945175 0
7.86	0 0 0 0.777953 0.961527 0
7.88	0 0 0 0.767203 0.977171 0
7.9	0 0 0 0.755858 0.992078 0
7.92	0 0 0 0.743914 1.00622 0
7.94	0 0 0 0.731371 1.01958 0
7.96	0 0 0 0.718231 1.03213 0
7.98	0 0 0 0.704496 1.04385 0
8	0 0 0 0.690173 1.05473 0
8.02	0 0 0 0.67527 1.06474 0
8.04	0 0 0 0.659796 1.07389 0
8.06	0 0 0 0.643763 1.08215 0
8.08	0 0 0 0.627186 1.08953 0
8.1	0 0 0 0.610078 1.09601 0
8.12	0 0 0 0.592457 1.10161 0
8.14	0 0 0 0.574341 1.10631 0
8.16	0 0 0 0.55575 1.11013 0
8.18	0 0 0 0.536705 1.11308 0
8.2	0 0 0 0.517227 1.11516 0
8.22	0 0 0 0.49734 1.11639 0
8.24	0 0 0 0.477067 1.11679 0
8.26	0 0 0 0.456432 1.11638 0
8.28	0 0 0 0.435461 1.11518 0
8.3	0 0 0 0.414177 1.11322 0
8.32	0 0 0 0.392607 1.11052 0
8.34	0 0 0 0.370774 1.10712 0
8.36	0 0 0 0.348705 1.10305 0
8.38	0 0 0 0.326422 1.09834 0
8.4	0 0 0 0.303951 1.09304 0
8.42	0 0 0 0.281313 1.08717 0
8.44	0 0 0 0.258531 1.08079 0
8.46	0 0 0 0.235626 1.07393 0
8.48	0 0 0 0.212617 1.06664 0
8.5	0 0 0 0.189524 1.05896 0
8.52	0 0 0 0.166361 1.05093 0
8.54	0 0 0 0.143145 1.04261 0
8.56	0 0 0 0.119889 1.03403 0
8.58	0 0 0 0.0966051 1.02525 0
8.6	0 0 0 0.0733019 1.0163 0
8.62	0 0 0 0.0499875 1.00724 0
8.64	0 0 0 0.0266676 0.998096 0
8.66	0 0 0 0.00334606 0.988921 0
8.68	0 0 0 -0.0199753 0.979753 0
8.7	0 0 0 -0.0432965 0.970629 0
8.72	0 0 0 -0.0666194 0.961585 0
8.74	0 0 0 -0.0899473 0.952654 0
8.76	0 0 0 -0.113285 0.943868 0
8.78	0 0 0 -0.136639 0.935253 0
8.8	0 0 0 -0.160017 0.926835 0
8.82	0 0 0 -0.183426 0.918633 0
8.84	0 0 0 -0.206876 0.910666 0
8.86	0 0 0 -0.230375 0.902946 0
8.88	0 0 0 -0.253933 0.895485 0
8.9	0 0 0 -0.277559 0.888288 0
8.92	0 0 0 -0.301259 0.881357 0
8.94	0 0 0 -0.325043 0.874691 0
8.96	0 0 0 -0.348915 0.868284 0
8.98	0 0 0 -0.372881 0.862128 0
9	0 0 0 -0.396942 0.856211 0
9.02	0 0 0 -0.4211 0.850516 0
9.04	0 0 0 -0.445352 0.845026 0
9.06	0 0 0 -0.469695 0.839718 0
9.08	0 0 0 -0.494121 0.834568 0
9.1	0 0 0 -0.518621 0.829551 0
9.12	0 0 0 -0.543182 0.824638 0
9.14	0 0 0 -0.56779 0.819798 0
9.16	0 0 0 -0.592425 0.815 0
9.18	0 0 0 -0.617066 0.810211 0
9.2	0 0 0 -0.64169 0.805397 0
9.22	0 0 0 -0.666269 0.800525 0
9.24	0 0 0 -0.690774 0.79556 0
9.26	0 0 0 -0.715172 0.790467 0
9.28	0 0 0 -0.73943 0.785212 0
9.3	0 0 0 -0.763511 0.779761 0
9.32	0 0 0 -0.787376 0.774082 0
9.34	0 0 0 -0.810986 0.768142 0
9.36	0 0 0 -0.834299 0.761909 0
9.38	0 0 0 -0.857272 0.755355 0
9.4	0 0 0 -0.879861 0.74845 0
9.42	0 0 0 -0.902022 0.741169 0
9.44	0 0 0 -0.923711 0.733485 0
9.46	0 0 0 -0.944882 0.725376 0
9.48	0 0 0 -0.965491 0.716821 0
9.5	0 0 0 -0.985494 0.7078 0
9.52	0 0 0 -1.00485 0.698296 0
9.54	0 0 0 -1.0235 0.688294 0
9.56	0 0 0 -1.04143 0.677782 0
9.58	0 0 0 -1.05858 0.666748 0
9.6	0 0 0 -1.07491 0.655186 0
9.62	0 0 0 -1.0904 0.643088 0
9.64	0 0 0 -1.105 0.630451 0
9.66	0 0 0 -1.11869 0.617274 0
9.68	0 0 0 -1.13143 0.603558 0
9.7	0 0 0 -1.1432 0.589304 0
9.72	0 0 0 -1.15397 0.57452 0
9.74	0 0 0 -1.16372 0.55921 0
9.76	0 0 0 -1.17244 0.543386 0
9.78	0 0 0 -1.18011 0.527057 0
9.8	0 0 0 -1.18672 0.510236 0
9.82	0 0 0 -1.19226 0.492939 0
9.84	0 0 0 -1.19673 0.47518 0
9.86	0 0 0 -1.20013 0.456978 0
9.88	0 0 0 -1.20245 0.438352 0
9.9	0 0 0 -1.20372 0.419321 0
9.92	0 0 0 -1.20393 0.399907 0
9.94	0 0 0 -1.2031 0.380131 0
9.96	0 0 0 -1.20126 0.360016 0
9.98	0 0 0 -1.19842 0.339586 0
10	0 0 0 -1.1946 0.318865 0
10.02	0 0 0 -1.18984 0.297875 0
10.04	0 0 0 -1.18416 0.276642 0
10.06	0 0 0 -1.17761 0.255188 0
10.08	0 0 0 -1.17021 0.233538 0
10.1	0 0 0 -1.16202 0.211714 0
10.12	0 0 0 -1.15306 0.189739 0
10.14	0 0 0 -1.14339 0.167635 0
10.16	0 0 0 -1.13306 0.14542 0
10.18	0 0 0 -1.12211 0.123115 0
10.2	0 0 0 -1.1106 0.100738 0
10.22	0 0 0 -1.09857 0.078305 0
10.24	0 0 0 -1.08609 0.05583 0
10.26	0 0 0 -1.0732 0.0333262 0
10.28	0 0 0 -1.05996 0.0108044 0
10.3	0 0 0 -1.04642 -0.0117265 0
10.32	0 0 0 -1.03265 -0.0342598 0
10.34	0 0 0 -1.01869 -0.0567911 0
10.36	0 0 0 -1.0046 -0.079318 0
10.38	0 0 0 -0.990425 -0.10184 0
10.4	0 0 0 -0.976221 -0.12436 0
10.42	0 0 0 -0.962034 -0.146882 0
10.44	0 0 0 -0.94791 -0.169412 0
10.46	0 0 0 -0.933892 -0.191958 0
10.48	0 0 0 -0.92002 -0.21453 0
10.5	0 0 0 -0.90633 -0.237139 0
10.52	0 0 0 -0.892856 -0.259799 0
10.54	0 0 0 -0.879627 -0.282523 0
10.56	0 0 0 -0.866666 -0.305325 0
10.58	0 0 0 -0.853996 -0.32822 0
10.6	0 0 0 -0.841632 -0.351223 0
10.62	0 0 0 -0.829585 -0.374348 0
10.64	0 0 0 -0.817863 -0.397609 0
10.66	0 0 0 -0.806469 -0.421017 0
10.68	0 0 0 -0.795401 -0.444584 0
10.7	0 0 0 -0.784653 -0.468319 0
10.72	0 0 0 -0.774215 -0.492226 0
10.74	0 0 0 -0.764073 -0.51631 0
10.76	0 0 0 -0.75421 -0.540571 0
10.78	0 0 0 -0.744604 -0.565007 0
10.8	0 0 0 -0.735233 -0.58961 0
10.82	0 0 0 -0.72607 -0.614372 0
10.84	0 0 0 -0.717087 -0.639277 0
10.86	0 0 0 -0.708253 -0.664309 0
10.88	0 0 0 -0.699536 -0.689446 0
10.9	0 0 0 -0.690904 -0.714661 0
10.92	0 0 0 -0.682323 -0.739927 0
10.94	0 0 0 -0.673758 -0.76521 0
10.96	0 0 0 -0.665176 -0.790474 0
10.98	0 0 0 -0.656541 -0.815679 0
11	0 0 0 -0.647822 -0.840782 0
11.02	0 0 0 -0.638984 -0.865739 0
11.04	0 0 0 -0.629997 -0.890502 0
11.06	0 0 0 -0.620829 -0.915019 0
11.08	0 0 0 -0.611451 -0.939241 0
11.1	0 0 0 -0.601836 -0.963112 0
11.12	0 0 0 -0.591957 -0.986578 0
11.14	0 0 0 -0.581791 -1.00958 0
11.16	0 0 0 -0.571315 -1.03207 0
11.18	0 0 0 -0.560508 -1.05399 0
11.2	0 0 0 -0.549354 -1.07528 0
11.22	0 0 0 -0.537836 -1.09588 0
11.24	0 0 0 -0.52594 -1.11575 0
11.26	0 0 0 -0.513656 -1.13482 0
11.28	0 0 0 -0.500973 -1.15305 0
11.3	0 0 0 -0.487884 -1.17038 0
11.32	0 0 0 -0.474386 -1.18677 0
11.34	0 0 0 -0.460476 -1.20217 0
11.36	0 0 0 -0.446152 -1.21654 0
11.38	0 0 0 -0.431418 -1.22983 0
11.4	0 0 0 -0.416276 -1.24201 0
11.42	0 0 0 -0.400732 -1.25305 0
11.44	0 0 0 -0.384795 -1.26291 0
11.46	0 0 0 -0.368473 -1.27157 0
11.48	0 0 0 -0.351778 -1.27901 0
11.5	0 0 0 -0.334722 -1.2852 0
11.52	0 0 0 -0.31732 -1.29013 0
11.54	0 0 0 -0.299587 -1.29379 0
11.56	0 0 0 -0.28154 -1.29617 0
11.58	0 0 0 -0.263197 -1.29728 0
11.6	0 0 0 -0.244577 -1.29711 0
11.62	0 0 0 -0.2257 -1.29567 0
11.64	0 0 0 -0.206585 -1.29298 0
11.66	0 0 0 -0.187254 -1.28904 0
11.68	0 0 0 -0.167728 -1.28388 0
11.7	0 0 0 -0.148028 -1.27752 0
11.72	0 0 0 -0.128175 -1.27 0
11.74	0 0 0 -0.10819 -1.26133 0
11.76	0 0 0 -0.0880944 -1.25157 0
11.78	0 0 0 -0.0679078 -1.24074 0
11.8	0 0 0 -0.0476497 -1.2289 0
11.82	0 0 0 -0.0273385 -1.2161 0
11.84	0 0 0 -0.00699176 -1.20237 0
11.86	0 0 0 0.0133745 -1.18778 0
11.88	0 0 0 0.0337454 -1.17237 0
11.9	0 0 0 0.0541079 -1.15622 0
11.92	0 0 0 0.0744504 -1.13937 0
11.94	0 0 0 0.0947636 -1.1219 0
11.96	0 0 0 0.11504 -1.10386 0
11.98	0 0 0 0.135273 -1.08532 0
12	0 0 0 0.155462 -1.06634 0
12.02	0 0 0 0.175604 -1.04699 0
12.04	0 0 0 0.195701 -1.02733 0
12.06	0 0 0 0.215757 -1.00743 0
12.08	0 0 0 0.235779 -0.987348 0
12.1	0 0 0 0.255776 -0.967149 0
12.12	0 0 0 0.275758 -0.94689 0
12.14	0 0 0 0.29574 -0.92663 0
12.16	0 0 0 0.315738 -0.906423 0
12.18	0 0 0 0.335769 -0.88632 0
12.2	0 0 0 0.355853 -0.866369 0
12.22	0 0 0 0.37601 -0.846613 0
12.24	0 0 0 0.396264 -0.827092 0
12.26	0 0 0 0.416638 -0.80784 0
12.28	0 0 0 0.437155 -0.788887 0
12.3	0 0 0 0.457838 -0.770257 0
12.32	0 0 0 0.478712 -0.751971 0
12.34	0 0 0 0.499799 -0.734042 0
12.36	0 0 0 0.521118 -0.71648 0
12.38	0 0 0 0.54269 -0.699287 0
12.4	0 0 0 0.56453 -0.682464 0
12.42	0 0 0 0.586652 -0.666003 0
12.44	0 0 0 0.609065 -0.649895 0
12.46	0 0 0 0.631775 -0.634125 0
12.48	0 0 0 0.654784 -0.618673 0
12.5	0 0 0 0.67809 -0.603519 0
12.52	0 0 0 0.701684 -0.588637 0
12.54	0 0 0 0.725553 -0.574 0
12.56	0 0 0 0.74968 -0.55958 0
12.58	0 0 0 0.774042 -0.545345 0
12.6	0 0 0 0.798611 -0.531265 0
12.62	0 0 0 0.823353 -0.517307 0
12.64	0 0 0 0.848232 -0.503439 0
12.66	0 0 0 0.873204 -0.48963 0
12.68	0 0 0 0.898223 -0.47585 0
12.7	0 0 0 0.923238 -0.462066 0
12.72	0 0 0 0.948194 -0.448253 0
12.74	0 0 0 0.973035 -0.434381 0
12.76	0 0 0 0.9977 -0.420425 0
12.78	0 0 0 1.02212 -0.406363 0
12.8	0 0 0 1.04624 -0.392172 0
12.82	0 0 0 1.06999 -0.377834 0
12.84	0 0 0 1.0933 -0.36333 0
12.86	0 0 0 1.1161 -0.348648 0
12.88	0 0 0 1.13833 -0.333773 0
12.9	0 0 0 1.1599 -0.318697 0
12.92	0 0 0 1.18077 -0.303411 0
12.94	0 0 0 1.20085 -0.28791 0
12.96	0 0 0 1.22008 -0.272191 0
12.98	0 0 0 1.23839 -0.256252 0
13	0 0 0 1.25573 -0.240096 0
13.02	0 0 0 1.27204 -0.223726 0
13.04	0 0 0 1.28725 -0.207146 0
13.06	0 0 0 1.30131 -0.190364 0
13.08	0 0 0 1.31417 -0.17339 0
13.1	0 0 0 1.32579 -0.156232 0
13.12	0 0 0 1.33611 -0.138905 0
13.14	0 0 0 1.3451 -0.12142 0
13.16	0 0 0 1.35273 -0.103794 0
13.18	0 0 0 1.35896 -0.0860414 0
13.2	0 0 0 1.36377 -0.0681798 0
13.22	0 0 0 1.36713 -0.0502267 0
13.24	0 0 0 1.36903 -0.0322006 0
13.26	0 0 0 1.36947 -0.0141205 0
13.28	0 0 0 1.36842 0.00399432 0
13.3	0 0 0 1.3659 0.0221244 0
13.32	0 0 0 1.3619 0.0402502 0
13.34	0 0 0 1.35644 0.0583523 0
13.36	0 0 0 1.34953 0.0764115 0
13.38	0 0 0 1.34119 0.0944093 0
13.4	0 0 0 1.33145 0.112327 0
13.42	0 0 0 1.32033 0.130149 0
13.44	0 0 0 1.30787 0.147857 0
13.46	0 0 0 1.29411 0.165438 0
13.48	0 0 0 1.2791 0.182876 0
13.5	0 0 0 1.26287 0.200159 0
13.52	0 0 0 1.24549 0.217277 0
13.54	0 0 0 1.22701 0.234221 0
13.56	0 0 0 1.20748 0.250983 0
13.58	0 0 0 1.18698 0.267559 0
13.6	0 0 0 1.16557 0.283944 0
13.62	0 0 0 1.1433 0.300138 0
13.64	0 0 0 1.12027 0.316144 0
13.66	0 0 0 1.09652 0.331965 0
13.68	0 0 0 1.07215 0.347607 0
13.7	0 0 0 1.04722 0.363081 0
13.72	0 0 0 1.0218 0.378398 0
13.74	0 0 0 0.995978 0.393573 0
13.76	0 0 0 0.969817 0.408623 0
13.78	0 0 0 0.943392 0.423569 0
13.8	0 0 0 0.916775 0.438434 0
13.82	0 0 0 0.890033 0.453243 0
13.84	0 0 0 0.863232 0.468024 0
13.86	0 0 0 0.836435 0.482807 0
13.88	0 0 0 0.809702 0.497625 0
13.9	0 0 0 0.783088 0.51251 0
13.92	0 0 0 0.756643 0.5275 0
13.94	0 0 0 0.730412 0.542631 0
13.96	0 0 0 0.704436 0.557938 0
13.98	0 0 0 0.678749 0.573461 0
14	0 0 0 0.65338 0.589236 0
14.02	0 0 0 0.628352 0.605298 0
14.04	0 0 0 0.60368 0.621682 0
14.06	0 0 0 0.579376 0.63842 0
14.08	0 0 0 0.555444 0.655541 0
14.1	0 0 0 0.531882 0.67307 0
14.12	0 0 0 0.508684 0.691029 0
14.14	0 0 0 0.485839 0.709434 0
14.16	0 0 0 0.463331 0.728296 0
14.18	0 0 0 0.441139 0.747621 0
14.2	0 0 0 0.419241 0.767408 0
14.22	0 0 0 0.397611 0.787649 0
14.24	0 0 0 0.376222 0.808331 0
14.26	0 0 0 0.355045 0.829433 0
14.28	0 0 0 0.334051 0.850928 0
14.3	0 0 0 0.313211 0.872782 0
14.32	0 0 0 0.292497 0.894957 0
14.34	0 0 0 0.27188 0.917405 0
14.36	0 0 0 0.251337 0.940075 0
14.38	0 0 0 0.230842 0.962911 0
14.4	0 0 0 0.210375 0.985851 0
14.42	0 0 0 0.189917 1.00883 0
14.44	0 0 0 0.169453 1.03177 0
14.46	0 0 0 0.148969 1.05462 0
14.48	0 0 0 0.128455 1.07728 0
14.5	0 0 0 0.107905 1.09968 0
14.52	0 0 0 0.0873151 1.12175 0
14.54	0 0 0 0.0666838 1.1434 0
14.56	0 0 0 0.0460137 1.16455 0
14.58	0 0 0 0.0253098 1.18512 0
14.6	0 0 0 0.00457968 1.20503 0
14.62	0 0 0 -0.0161662 1.2242 0
14.64	0 0 0 -0.0369153 1.24254 0
14.66	0 0 0 -0.0576524 1.25999 0
14.68	0 0 0 -0.0783607 1.27647 0
14.7	0 0 0 -0.0990213 1.2919 0
14.72	0 0 0 -0.119613 1.30622 0
14.74	0 0 0 -0.140115 1.31936 0
14.76	0 0 0 -0.160503 1.33126 0
14.78	0 0 0 -0.180753 1.34186 0
14.8	0 0 0 -0.20084 1.35111 0
14.82	0 0 0 -0.220738 1.35895 0
14.84	0 0 0 -0.240421 1.36535 0
14.86	0 0 0 -0.259862 1.37025 0
14.88	0 0 0 -0.279034 1.37364 0
14.9	0 0 0 -0.297913 1.37547 0
14.92	0 0 0 -0.316472 1.37573 0
14.94	0 0 0 -0.334686 1.3744 0
14.96	0 0 0 -0.352531 1.37146 0
14.98	0 0 0 -0.369984 1.36691 0
15	0 0 0 -0.387022 1.36075 0
15.02	0 0 0 -0.403625 1.35298 0
15.04	0 0 0 -0.419775 1.34362 0
15.06	0 0 0 -0.435453 1.33268 0
15.08	0 0 0 -0.450645 1.32018 0
15.1	0 0 0 -0.465338 1.30615 0
15.12	0 0 0 -0.479521 1.29063 0
15.14	0 0 0 -0.493184 1.27365 0
15.16	0 0 0 -0.506323 1.25526 0
15.18	0 0 0 -0.518933 1.23551 0
15.2	0 0 0 -0.531014 1.21444 0
15.22	0 0 0 -0.542568 1.19212 0
15.24	0 0 0 -0.553601 1.1686 0
15.26	0 0 0 -0.564121 1.14396 0
15.28	0 0 0 -0.574138 1.11826 0
15.3	0 0 0 -0.583669 1.09157 0
15.32	0 0 0 -0.592729 1.06396 0
15.34	0 0 0 -0.601341 1.03552 0
15.36	0 0 0 -0.609529 1.00631 0
15.38	0 0 0 -0.617321 0.976425 0
15.4	0 0 0 -0.624746 0.945933 0
15.42	0 0 0 -0.63184 0.914916 0
15.44	0 0 0 -0.638639 0.883454 0
15.46	0 0 0 -0.645184 0.851623 0
15.48	0 0 0 -0.651517 0.819499 0
15.5	0 0 0 -0.657686 0.787158 0
15.52	0 0 0 -0.663737 0.75467 0
15.54	0 0 0 -0.669723 0.722102 0
15.56	0 0 0 -0.675695 0.68952 0
15.58	0 0 0 -0.681708 0.656982 0
15.6	0 0 0 -0.687819 0.624543 0
15.62	0 0 0 -0.694082 0.592251 0
15.64	0 0 0 -0.700556 0.56015 0
15.66	0 0 0 -0.707296 0.528277 0
15.68	0 0 0 -0.714358 0.496661 0
15.7	0 0 0 -0.721796 0.465326 0
15.72	0 0 0 -0.72966 0.434287 0
15.74	0 0 0 -0.738 0.403555 0
15.76	0 0 0 -0.746857 0.373131 0
15.78	0 0 0 -0.756273 0.343012 0
15.8	0 0 0 -0.766279 0.313188 0
15.82	0 0 0 -0.776903 0.283644 0
15.84	0 0 0 -0.788164 0.254361 0
15.86	0 0 0 -0.800076 0.225315 0
15.88	0 0 0 -0.812641 0.19648 0
15.9	0 0 0 -0.825856 0.167829 0
15.92	0 0 0 -0.839709 0.139331 0
15.94	0 0 0 -0.854178 0.110959 0
15.96	0 0 0 -0.869235 0.0826837 0
15.98	0 0 0 -0.884841 0.0544802 0
16	0 0 0 -0.900952 0.0263247 0
16.02	0 0 0 -0.917517 -0.00180284 0
16.04	0 0 0 -0.934476 -0.0299189 0
16.06	0 0 0 -0.951764 -0.0580355 0
16.08	0 0 0 -0.969313 -0.0861605 0
16.1	0 0 0 -0.987048 -0.114297 0
16.12	0 0 0 -1.00489 -0.142443 0
16.14	0 0 0 -1.02276 -0.170591 0
16.16	0 0 0 -1.04056 -0.198732 0
16.18	0 0 0 -1.05823 -0.226848 0
16.2	0 0 0 -1.07565 -0.254919 0
16.22	0 0 0 -1.09276 -0.282922 0
16.24	0 0 0 -1.10946 -0.310827 0
16.26	0 0 0 -1.12566 -0.338603 0
16.28	0 0 0 -1.14127 -0.366215 0
16.3	0 0 0 -1.15621 -0.393625 0
16.32	0 0 0 -1.17039 -0.420792 0
16.34	0 0 0 -1.18374 -0.447674 0
16.36	0 0 0 -1.19616 -0.474226 0
16.38	0 0 0 -1.2076 -0.500402 0
16.4	0 0 0 -1.21796 -0.526155 0
16.42	0 0 0 -1.2272 -0.551438 0
16.44	0 0 0 -1.23523 -0.576203 0
16.46	0 0 0 -1.242 -0.600401 0
16.48	0 0 0 -1.24746 -0.623986 0
16.5	0 0 0 -1.25155 -0.64691 0
16.52	0 0 0 -1.25423 -0.669127 0
16.54	0 0 0 -1.25545 -0.690594 0
16.56	0 0 0 -1.25519 -0.711266 0
16.58	0 0 0 -1.25341 -0.731105 0
16.6	0 0 0 -1.25009 -0.75007 0
16.62	0 0 0 -1.24521 -0.768126 0
16.64	0 0 0 -1.23876 -0.78524 0
16.66	0 0 0 -1.23073 -0.801381 0
16.68	0 0 0 -1.22113 -0.816524 0
16.7	0 0 0 -1.20996 -0.830643 0
16.72	0 0 0 -1.19722 -0.843719 0
16.74	0 0 0 -1.18295 -0.855737 0
16.76	0 0 0 -1.16715 -0.866684 0
16.78	0 0 0 -1.14987 -0.876553 0
16.8	0 0 0 -1.13113 -0.885339 0
16.82	0 0 0 -1.11097 -0.893045 0
16.84	0 0 0 -1.08943 -0.899674 0
16.86	0 0 0 -1.06657 -0.905237 0
16.88	0 0 0 -1.04243 -0.909749 0
16.9	0 0 0 -1.01708 -0.913228 0
16.92	0 0 0 -0.990574 -0.915698 0
16.94	0 0 0 -0.962974 -0.917188 0
16.96	0 0 0 -0.93435 -0.91773 0
16.98	0 0 0 -0.904769 -0.917362 0
17	0 0 0 -0.874305 -0.916126 0
17.02	0 0 0 -0.843031 -0.914069 0
17.04	0 0 0 -0.811021 -0.911241 0
17.06	0 0 0 -0.778351 -0.907696 0
17.08	0 0 0 -0.745096 -0.903495 0
17.1	0 0 0 -0.711332 -0.8987 0
17.12	0 0 0 -0.677132 -0.893376 0
17.14	0 0 0 -0.642569 -0.887595 0
17.16	0 0 0 -0.607714 -0.881427 0
17.18	0 0 0 -0.572634 -0.874949 0
17.2	0 0 0 -0.537394 -0.868239 0
17.22	0 0 0 -0.502054 -0.861375 0
17.24	0 0 0 -0.46667 -0.85444 0
17.26	0 0 0 -0.431291 -0.847516 0
17.28	0 0 0 -0.395963 -0.840684 0
17.3	0 0 0 -0.360724 -0.834027 0
17.32	0 0 0 -0.325606 -0.827626 0
17.34	0 0 0 -0.290633 -0.82156 0
17.36	0 0 0 -0.255821 -0.815906 0
17.38	0 0 0 -0.221182 -0.810736 0
17.4	0 0 0 -0.186715 -0.80612 0
17.42	0 0 0 -0.152417 -0.80212 0
17.44	0 0 0 -0.118274 -0.798792 0
17.46	0 0 0 -0.0842688 -0.796186 0
17.48	0 0 0 -0.050376 -0.794341 0
17.5	0 0 0 -0.0165672 -0.793289 0
17.52	0 0 0 0.01719 -0.793052 0
17.54	0 0 0 0.0509299 -0.79364 0
17.56	0 0 0 0.0846877 -0.795056 0
17.58	0 0 0 0.118498 -0.797289 0
17.6	0 0 0 0.152393 -0.800319 0
17.62	0 0 0 0.186402 -0.804116 0
17.64	0 0 0 0.22055 -0.808642 0
17.66	0 0 0 0.254856 -0.813848 0
17.68	0 0 0 0.289332 -0.819678 0
17.7	0 0 0 0.323984 -0.82607 0
17.72	0 0 0 0.35881 -0.832955 0
17.74	0 0 0 0.3938 -0.84026 0
17.76	0 0 0 0.428938 -0.847907 0
17.78	0 0 0 0.464198 -0.855815 0
17.8	0 0 0 0.499548 -0.8639 0
17.82	0 0 0 0.534948 -0.872078 0
17.84	0 0 0 0.570352 -0.880263 0
17.86	0 0 0 0.605708 -0.88837 0
17.88	0 0 0 0.640958 -0.896312 0
17.9	0 0 0 0.676038 -0.904006 0
17.92	0 0 0 0.710882 -0.911368 0
17.94	0 0 0 0.745416 -0.918318 0
17.96	0 0 0 0.779567 -0.924776 0
17.98	0 0 0 0.813258 -0.930667 0
18	0 0 0 0.846408 -0.935916 0
18.02	0 0 0 0.878937 -0.940455 0
18.04	0 0 0 0.910764 -0.944217 0
18.06	0 0 0 0.941806 -0.94714 0
18.08	0 0 0 0.971982 -0.949165 0
18.1	0 0 0 1.00121 -0.950238 0
18.12	0 0 0 1.02941 -0.950308 0
18.14	0 0 0 1.05651 -0.949332 0
18.16	0 0 0 1.08244 -0.947267 0
18.18	0 0 0 1.10711 -0.944078 0
18.2	0 0 0 1.13046 -0.939735 0
18.22	0 0 0 1.15242 -0.934211 0
18.24	0 0 0 1.17294 -0.927484 0
18.26	0 0 0 1.19196 -0.91954 0
18.28	0 0 0 1.20942 -0.910367 0
18.3	0 0 0 1.22529 -0.899959 0
18.32	0 0 0 1.23951 -0.888316 0
18.34	0 0 0 1.25205 -0.87544 0
18.36	0 0 0 1.26289 -0.861341 0
18.38	0 0 0 1.27199 -0.846032 0
18.4	0 0 0 1.27935 -0.829532 0
18.42	0 0 0 1.28496 -0.811863 0
18.44	0 0 0 1.2888 -0.793052 0
18.46	0 0 0 1.29088 -0.77313 0
18.48	0 0 0 1.29121 -0.752132 0
18.5	0 0 0 1.28982 -0.730097 0
18.52	0 0 0 1.28671 -0.707067 0
18.54	0 0 0 1.28193 -0.683087 0
18.56	0 0 0 1.2755 -0.658205 0
18.58	0 0 0 1.26748 -0.632471 0
18.6	0 0 0 1.25791 -0.605939 0
18.62	0 0 0 1.24685 -0.578663 0
18.64	0 0 0 1.23436 -0.5507 0
18.66	0 0 0 1.22051 -0.522105 0
18.68	0 0 0 1.20538 -0.492938 0
18.7	0 0 0 1.18904 -0.463255 0
18.72	0 0 0 1.17158 -0.433115 0
18.74	0 0 0 1.1531 -0.402573 0
18.76	0 0 0 1.13368 -0.371686 0
18.78	0 0 0 1.11342 -0.340508 0
18.8	0 0 0 1.09243 -0.309089 0
18.82	0 0 0 1.07081 -0.277477 0
18.84	0 0 0 1.04868 -0.245718 0
18.86	0 0 0 1.02613 -0.213853 0
18.88	0 0 0 1.00327 -0.181917 0
18.9	0 0 0 0.980236 -0.149943 0
18.92	0 0 0 0.95712 -0.117954 0
18.94	0 0 0 0.934037 -0.0859696 0
18.96	0 0 0 0.911095 -0.0540031 0
18.98	0 0 0 0.888401 -0.0220594 0
19	0 0 0 0.866055 0.00986372 0
19.02	0 0 0 0.844154 0.0417758 0
19.04	0 0 0 0.822788 0.0736939 0
19.06	0 0 0 0.802042 0.105643 0
19.08	0 0 0 0.781988 0.137653 0
19.1	0 0 0 0.762691 0.169764 0
19.12	0 0 0 0.744207 0.202017 0
19.14	0 0 0 0.726575 0.234461 0
19.16	0 0 0 0.709828 0.267144 0
19.18	0 0 0 0.69398 0.300118 0
19.2	0 0 0 0.679037 0.333432 0
19.22	0 0 0 0.66499 0.367134 0
19.24	0 0 0 0.651817 0.401264 0
19.26	0 0 0 0.639485 0.43586 0
19.28	0 0 0 0.627953 0.470947 0
19.3	0 0 0 0.617168 0.506544 0
19.32	0 0 0 0.607071 0.542657 0
19.34	0 0 0 0.597598 0.579281 0
19.36	0 0 0 0.588678 0.616401 0
19.38	0 0 0 0.580241 0.653988 0
19.4	0 0 0 0.572211 0.692001 0
19.42	0 0 0 0.564514 0.730391 0
19.44	0 0 0 0.557078 0.769096 0
19.46	0 0 0 0.54983 0.808043 0
19.48	0 0 0 0.542701 0.847154 0
19.5	0 0 0 0.535622 0.88634 0
19.52	0 0 0 0.52853 0.925505 0
19.54	0 0 0 0.521364 0.964549 0
19.56	0 0 0 0.514068 1.00336 0
19.58	0 0 0 0.506588 1.04184 0
19.6	0 0 0 0.498876 1.07986 0
19.62	0 0 0 0.490887 1.11731 0
19.64	0 0 0 0.48258 1.15408 0
19.66	0 0 0 0.473918 1.19003 0
19.68	0 0 0 0.464869 1.22506 0
19.7	0 0 0 0.455405 1.25905 0
19.72	0 0 0 0.4455 1.29188 0
19.74	0 0 0 0.435133 1.32343 0
19.76	0 0 0 0.424289 1.35359 0
19.78	0 0 0 0.412954 1.38226 0
19.8	0 0 0 0.401118 1.40934 0
19.82	0 0 0 0.388776 1.43472 0
19.84	0 0 0 0.375923 1.4583 0
19.86	0 0 0 0.362562 1.48001 0
19.88	0 0 0 0.348696 1.49976 0
19.9	0 0 0 0.334331 1.51748 0
19.92	0 0 0 0.319477 1.53309 0
19.94	0 0 0 0.304146 1.54654 0
19.96	0 0 0 0.288354 1.55777 0
19.98	0 0 0 0.272117 1.56674 0
20	0 0 0 0.255454 1.57341 0
20.02	0 0 0 0.238388 1.57776 0
20.04	0 0 0 0.220941 1.57976 0
20.06	0 0 0 0.203137 1.5794 0
20.08	0 0 0 0.185005 1.57669 0
20.1	0 0 0 0.166569 1.57163 0
20.12	0 0 0 0.14786 1.56423 0
20.14	0 0 0 0.128906 1.55453 0
20.16	0 0 0 0.109738 1.54255 0
20.18	0 0 0 0.0903837 1.52834 0
20.2	0 0 0 0.0708747 1.51194 0
20.22	0 0 0 0.0512404 1.49343 0
20.24	0 0 0 0.0315098 1.47287 0
20.26	0 0 0 0.0117114 1.45032 0
20.28	0 0 0 -0.00812743 1.42589 0
20.3	0 0 0 -0.0279808 1.39966 0
20.32	0 0 0 -0.0478245 1.37172 0
20.34	0 0 0 -0.0676362 1.34218 0
20.36	0 0 0 -0.087396 1.31115 0
20.38	0 0 0 -0.107087 1.27875 0
20.4	0 0 0 -0.126694 1.2451 0
20.42	0 0 0 -0.146206 1.21032 0
20.44	0 0 0 -0.165617 1.17453 0
20.46	0 0 0 -0.184922 1.13788 0
20.48	0 0 0 -0.204124 1.10049 0
20.5	0 0 0 -0.223227 1.06249 0
20.52	0 0 0 -0.242244 1.02403 0
20.54	0 0 0 -0.26119 0.985227 0
20.56	0 0 0 -0.280088 0.946224 0
20.58	0 0 0 -0.298966 0.907147 0
20.6	0 0 0 -0.317859 0.86812 0
20.62	0 0 0 -0.336808 0.829264 0
20.64	0 0 0 -0.355861 0.790691 0
20.66	0 0 0 -0.375072 0.752507 0
20.68	0 0 0 -0.394502 0.714808 0
20.7	0 0 0 -0.414215 0.677679 0
20.72	0 0 0 -0.434283 0.641193 0
20.74	0 0 0 -0.454781 0.605409 0
20.76	0 0 0 -0.475784 0.570372 0
20.78	0 0 0 -0.497371 0.536112 0
20.8	0 0 0 -0.519617 0.502642 0
20.82	0 0 0 -0.542593 0.469959 0
20.84	0 0 0 -0.566367 0.438047 0
20.86	0 0 0 -0.590993 0.406875 0
20.88	0 0 0 -0.616518 0.376397 0
20.9	0 0 0 -0.642974 0.34656 0
20.92	0 0 0 -0.670378 0.317302 0
20.94	0 0 0 -0.698731 0.288555 0
20.96	0 0 0 -0.728018 0.26025 0
20.98	0 0 0 -0.758207 0.232318 0
21	0 0 0 -0.789251 0.204692 0
21.02	0 0 0 -0.821086 0.177308 0
21.04	0 0 0 -0.853636 0.150109 0
21.06	0 0 0 -0.886812 0.123046 0
21.08	0 0 0 -0.920513 0.0960745 0
21.1	0 0 0 -0.954628 0.0691609 0
21.12	0 0 0 -0.98904 0.0422782 0
21.14	0 0 0 -1.02362 0.0154079 0
21.16	0 0 0 -1.05825 -0.0114607 0
21.18	0 0 0 -1.09277 -0.0383307 0
21.2	0 0 0 -1.12707 -0.0651982 0
21.22	0 0 0 -1.16099 -0.0920526 0
21.24	0 0 0 -1.1944 -0.118877 0
21.26	0 0 0 -1.22715 -0.14565 0
21.28	0 0 0 -1.2591 -0.172343 0
21.3	0 0 0 -1.29012 -0.198925 0
21.32	0 0 0 -1.32006 -0.22536 0
21.34	0 0 0 -1.34879 -0.251609 0
21.36	0 0 0 -1.37619 -0.27763 0
21.38	0 0 0 -1.40213 -0.303378 0
21.4	0 0 0 -1.42648 -0.328806 0
21.42	0 0 0 -1.44913 -0.353866 0
21.44	0 0 0 -1.46998 -0.37851 0
21.46	0 0 0 -1.48891 -0.402688 0
21.48	0 0 0 -1.50584 -0.426348 0
21.5	0 0 0 -1.52067 -0.449443 0
21.52	0 0 0 -1.53333 -0.471921 0
21.54	0 0 0 -1.54374 -0.493736 0
21.56	0 0 0 -1.55184 -0.514839 0
21.58	0 0 0 -1.55758 -0.535186 0
21.6	0 0 0 -1.56091 -0.554733 0
21.62	0 0 0 -1.56178 -0.57344 0
21.64	0 0 0 -1.56019 -0.591267 0
21.66	0 0 0 -1.5561 -0.608178 0
21.68	0 0 0 -1.54951 -0.624143 0
21.7	0 0 0 -1.54042 -0.63913 0
21.72	0 0 0 -1.52885 -0.653116 0
21.74	0 0 0 -1.5148 -0.666078 0
21.76	0 0 0 -1.49832 -0.677999 0
21.78	0 0 0 -1.47945 -0.688865 0
21.8	0 0 0 -1.45822 -0.698669 0
21.82	0 0 0 -1.4347 -0.707405 0
21.84	0 0 0 -1.40896 -0.715076 0
21.86	0 0 0 -1.38107 -0.721685 0
21.88	0 0 0 -1.3511 -0.727245 0
21.9	0 0 0 -1.31916 -0.73177 0
21.92	0 0 0 -1.28533 -0.735283 0
21.94	0 0 0 -1.24973 -0.737808 0
21.96	0 0 0 -1.21246 -0.739379 0
21.98	0 0 0 -1.17363 -0.740032 0
22	0 0 0 -1.13337 -0.73981 0
22.02	0 0 0 -1.0918 -0.738761 0
22.04	0 0 0 -1.04904 -0.73694 0
22.06	0 0 0 -1.00523 -0.734405 0
22.08	0 0 0 -0.960493 -0.731222 0
22.1	0 0 0 -0.914968 -0.72746 0
22.12	0 0 0 -0.868783 -0.723197 0
22.14	0 0 0 -0.822069 -0.718514 0
22.16	0 0 0 -0.774955 -0.713496 0
22.18	0 0 0 -0.727564 -0.708237 0
22.2	0 0 0 -0.680016 -0.702833 0
22.22	0 0 0 -0.632423 -0.697387 0
22.24	0 0 0 -0.584893 -0.692004 0
22.26	0 0 0 -0.537519 -0.686794 0
22.28	0 0 0 -0.490388 -0.681871 0
22.3	0 0 0 -0.443572 -0.677351 0
22.32	0 0 0 -0.397131 -0.673351 0
22.34	0 0 0 -0.351106 -0.669988 0
22.36	0 0 0 -0.305525 -0.667377 0
22.38	0 0 0 -0.260396 -0.665629 0
22.4	0 0 0 -0.21571 -0.664849 0
22.42	0 0 0 -0.171439 -0.665131 0
22.44	0 0 0 -0.127541 -0.666558 0
22.46	0 0 0 -0.0839547 -0.669198 0
22.48	0 0 0 -0.0406101 -0.673101 0
22.5	0 0 0 0.00257228 -0.678296 0
22.52	0 0 0 0.0456762 -0.684791 0
22.54	0 0 0 0.0887851 -0.692573 0
22.56	0 0 0 0.131977 -0.701607 0
22.58	0 0 0 0.175323 -0.711838 0
22.6	0 0 0 0.218881 -0.723194 0
22.62	0 0 0 0.262693 -0.735586 0
22.64	0 0 0 0.306789 -0.748914 0
22.66	0 0 0 0.35118 -0.763067 0
22.68	0 0 0 0.395859 -0.777925 0
22.7	0 0 0 0.440806 -0.793365 0
22.72	0 0 0 0.485984 -0.809258 0
22.74	0 0 0 0.531341 -0.825475 0
22.76	0 0 0 0.576814 -0.841883 0
22.78	0 0 0 0.622326 -0.858353 0
22.8	0 0 0 0.667792 -0.874755 0
22.82	0 0 0 0.713117 -0.890963 0
22.84	0 0 0 0.758197 -0.90685 0
22.86	0 0 0 0.802925 -0.922297 0
22.88	0 0 0 0.847185 -0.937185 0
22.9	0 0 0 0.89086 -0.951401 0
22.92	0 0 0 0.933829 -0.964835 0
22.94	0 0 0 0.975968 -0.977383 0
22.96	0 0 0 1.01715 -0.988947 0
22.98	0 0 0 1.05726 -0.999431 0
23	0 0 0 1.09617 -1.00875 0
23.02	0 0 0 1.13376 -1.01682 0
23.04	0 0 0 1.1699 -1.02356 0
23.06	0 0 0 1.20449 -1.0289 0
23.08	0 0 0 1.2374 -1.03278 0
23.1	0 0 0 1.26855 -1.03515 0
23.12	0 0 0 1.29781 -1.03595 0
23.14	0 0 0 1.3251 -1.03513 0
23.16	0 0 0 1.35032 -1.03267 0
23.18	0 0 0 1.37339 -1.02853 0
23.2	0 0 0 1.39424 -1.02269 0
23.22	0 0 0 1.4128 -1.01513 0
23.24	0 0 0 1.42901 -1.00585 0
23.26	0 0 0 1.44281 -0.994843 0
23.28	0 0 0 1.45417 -0.982114 0
23.3	0 0 0 1.46305 -0.967675 0
23.32	0 0 0 1.46943 -0.951547 0
23.34	0 0 0 1.47329 -0.933755 0
23.36	0 0 0 1.47464 -0.914331 0
23.38	0 0 0 1.47347 -0.893313 0
23.4	0 0 0 1.46979 -0.870745 0
23.42	0 0 0 1.46365 -0.846679 0
23.44	0 0 0 1.45507 -0.821167 0
23.46	0 0 0 1.44409 -0.794273 0
23.48	0 0 0 1.43078 -0.766059 0
23.5	0 0 0 1.4152 -0.736596 0
23.52	0 0 0 1.39742 -0.705957 0
23.54	0 0 0 1.37753 -0.674218 0
23.56	0 0 0 1.35562 -0.641459 0
23.58	0 0 0 1.33179 -0.607761 0
23.6	0 0 0 1.30615 -0.573209 0
23.62	0 0 0 1.27883 -0.537886 0
23.64	0 0 0 1.24995 -0.501878 0
23.66	0 0 0 1.21963 -0.465269 0
23.68	0 0 0 1.18803 -0.428143 0
23.7	0 0 0 1.15529 -0.390582 0
23.72	0 0 0 1.12156 -0.352664 0
23.74	0 0 0 1.08699 -0.314465 0
23.76	0 0 0 1.05176 -0.276055 0
23.78	0 0 0 1.01602 -0.237499 0
23.8	0 0 0 0.979941 -0.198855 0
23.82	0 0 0 0.943695 -0.16017 0
23.84	0 0 0 0.907448 -0.121486 0
23.86	0 0 0 0.871371 -0.0828304 0
23.88	0 0 0 0.835628 -0.0442196 0
23.9	0 0 0 0.800382 -0.00565607 0
23.92	0 0 0 0.765788 0.032873 0
23.94	0 0 0 0.731992 0.0713964 0
23.96	0 0 0 0.699129 0.10996 0
23.98	0 0 0 0.66732 0.148626 0
24	0 0 0 0.636665 0.187474 0
24.02	0 0 0 0.607246 0.226597 0
24.04	0 0 0 0.579117 0.2661 0
24.06	0 0 0 0.552306 0.306095 0
24.08	0 0 0 0.526814 0.346695 0
24.1	0 0 0 0.502611 0.388011 0
24.12	0 0 0 0.479642 0.430138 0
24.14	0 0 0 0.457829 0.473158 0
24.16	0 0 0 0.437075 0.517127 0
24.18	0 0 0 0.417272 0.562079 0
24.2	0 0 0 0.398302 0.608017 0
24.22	0 0 0 0.380048 0.654919 0
24.24	0 0 0 0.362392 0.702734 0
24.26	0 0 0 0.345223 0.75139 0
24.28	0 0 0 0.328439 0.80079 0
24.3	0 0 0 0.311943 0.850818 0
24.32	0 0 0 0.295652 0.901345 0
24.34	0 0 0 0.27949 0.952224 0
24.36	0 0 0 0.263391 1.0033 0
24.38	0 0 0 0.247302 1.0544 0
24.4	0 0 0 0.231174 1.10536 0
24.42	0 0 0 0.214971 1.156 0
24.44	0 0 0 0.198662 1.20613 0
24.46	0 0 0 0.182224 1.25556 0
24.48	0 0 0 0.165642 1.30412 0
24.5	0 0 0 0.148905 1.35162 0
24.52	0 0 0 0.13201 1.39787 0
24.54	0 0 0 0.114957 1.44269 0
24.56	0 0 0 0.0977523 1.4859 0
24.58	0 0 0 0.0804054 1.52732 0
24.6	0 0 0 0.06293 1.56679 0
24.62	0 0 0 0.0453433 1.60415 0
24.64	0 0 0 0.0276654 1.63924 0
24.66	0 0 0 0.00991922 1.67191 0
24.68	0 0 0 -0.00787017 1.70202 0
24.7	0 0 0 -0.0256755 1.72945 0
24.72	0 0 0 -0.0434679 1.75406 0
24.74	0 0 0 -0.0612169 1.77576 0
24.76	0 0 0 -0.0788911 1.79444 0
24.78	0 0 0 -0.0964583 1.81002 0
24.8	0 0 0 -0.113886 1.82241 0
24.82	0 0 0 -0.13114 1.83156 0
24.84	0 0 0 -0.148188 1.83741 0
24.86	0 0 0 -0.164998 1.83992 0
24.88	0 0 0 -0.181536 1.83907 0
24.9	0 0 0 -0.197771 1.83485 0
24.92	0 0 0 -0.213674 1.82725 0
24.94	0 0 0 -0.229213 1.81629 0
24.96	0 0 0 -0.244363 1.80199 0
24.98	0 0 0 -0.259097 1.78439 0
25	0 0 0 -0.273391 1.76355 0
25.02	0 0 0 -0.287223 1.73954 0
25.04	0 0 0 -0.300574 1.71242 0
25.06	0 0 0 -0.313428 1.68228 0
25.08	0 0 0 -0.325772 1.64924 0
25.1	0 0 0 -0.337594 1.6134 0
25.12	0 0 0 -0.348888 1.57489 0
25.14	0 0 0 -0.359651 1.53384 0
25.16	0 0 0 -0.369884 1.4904 0
25.18	0 0 0 -0.379591 1.44472 0
25.2	0 0 0 -0.388783 1.39695 0
25.22	0 0 0 -0.397472 1.34728 0
25.24	0 0 0 -0.405679 1.29587 0
25.26	0 0 0 -0.413427 1.24291 0
25.28	0 0 0 -0.420748 1.18858 0
25.3	0 0 0 -0.427678 1.13308 0
25.32	0 0 0 -0.43426 1.07659 0
25.34	0 0 0 -0.440543 1.01931 0
25.36	0 0 0 -0.446586 0.961441 0
25.38	0 0 0 -0.452453 0.903162 0
25.4	0 0 0 -0.458219 0.844665 0
25.42	0 0 0 -0.463967 0.786131 0
25.44	0 0 0 -0.46979 0.727735 0
25.46	0 0 0 -0.475789 0.669639 0
25.48	0 0 0 -0.482079 0.611993 0
25.5	0 0 0 -0.488783 0.554928 0
25.52	0 0 0 -0.496033 0.498559 0
25.54	0 0 0 -0.503972 0.442971 0
25.56	0 0 0 -0.512749 0.388224 0
25.58	0 0 0 -0.522514 0.334346 0
25.6	0 0 0 -0.533416 0.28133 0
25.62	0 0 0 -0.545598 0.229133 0
25.64	0 0 0 -0.559185 0.177676 0
25.66	0 0 0 -0.574277 0.126851 0
25.68	0 0 0 -0.590944 0.0765274 0
25.7	0 0 0 -0.609221 0.0265588 0
25.72	0 0 0 -0.6291 -0.0232022 0
25.74	0 0 0 -0.650538 -0.0728952 0
25.76	0 0 0 -0.673458 -0.122643 0
25.78	0 0 0 -0.69775 -0.172544 0
25.8	0 0 0 -0.723284 -0.222672 0
25.82	0 0 0 -0.74991 -0.273069 0
25.84	0 0 0 -0.777466 -0.323753 0
25.86	0 0 0 -0.805781 -0.374714 0
25.88	0 0 0 -0.834678 -0.425916 0
25.9	0 0 0 -0.86398 -0.477307 0
25.92	0 0 0 -0.893505 -0.528812 0
25.94	0 0 0 -0.923076 -0.580342 0
25.96	0 0 0 -0.952515 -0.631795 0
25.98	0 0 0 -0.981648 -0.683054 0
26	0 0 0 -1.0103 -0.733998 0
26.02	0 0 0 -1.03832 -0.784494 0
26.04	0 0 0 -1.06553 -0.834405 0
26.06	0 0 0 -1.09177 -0.88359 0
26.08	0 0 0 -1.11691 -0.931903 0
26.1	0 0 0 -1.14078 -0.979198 0
26.12	0 0 0 -1.16326 -1.02533 0
26.14	0 0 0 -1.18421 -1.07015 0
26.16	0 0 0 -1.20351 -1.11351 0
26.18	0 0 0 -1.22104 -1.15527 0
26.2	0 0 0 -1.23669 -1.1953 0
26.22	0 0 0 -1.25037 -1.23345 0
26.24	0 0 0 -1.26197 -1.2696 0
26.26	0 0 0 -1.27142 -1.30363 0
26.28	0 0 0 -1.27864 -1.33542 0
26.3	0 0 0 -1.28357 -1.36485 0
26.32	0 0 0 -1.28615 -1.39184 0
26.34	0 0 0 -1.28634 -1.41628 0
26.36	0 0 0 -1.28409 -1.43808 0
26.38	0 0 0 -1.27939 -1.45719 0
26.4	0 0 0 -1.27222 -1.47352 0
26.42	0 0 0 -1.26257 -1.48703 0
26.44	0 0 0 -1.25044 -1.49768 0
26.46	0 0 0 -1.23586 -1.50543 0
26.48	0 0 0 -1.21883 -1.51025 0
26.5	0 0 0 -1.1994 -1.51215 0
26.52	0 0 0 -1.17761 -1.51112 0
26.54	0 0 0 -1.1535 -1.50717 0
26.56	0 0 0 -1.12715 -1.50034 0
26.58	0 0 0 -1.09861 -1.49065 0
26.6	0 0 0 -1.06796 -1.47816 0
26.62	0 0 0 -1.03529 -1.46292 0
26.64	0 0 0 -1.0007 -1.44502 0
26.66	0 0 0 -0.96427 -1.42453 0
26.68	0 0 0 -0.926117 -1.40154 0
26.7	0 0 0 -0.88635 -1.37618 0
26.72	0 0 0 -0.845083 -1.34854 0
26.74	0 0 0 -0.802437 -1.31876 0
26.76	0 0 0 -0.758534 -1.28698 0
26.78	0 0 0 -0.713501 -1.25334 0
26.8	0 0 0 -0.667465 -1.21799 0
26.82	0 0 0 -0.620554 -1.18111 0
26.84	0 0 0 -0.572896 -1.14287 0
26.86	0 0 0 -0.524615 -1.10344 0
26.88	0 0 0 -0.475835 -1.06301 0
26.9	0 0 0 -0.426675 -1.02179 0
26.92	0 0 0 -0.377245 -0.979963 0
26.94	0 0 0 -0.32765 -0.937741 0
26.96	0 0 0 -0.277983 -0.895332 0
26.98	0 0 0 -0.228325 -0.852948 0
27	0 0 0 -0.178741 -0.810803 0
27.02	0 0 0 -0.129278 -0.76911 0
27.04	0 0 0 -0.0799616 -0.72808 0
27.06	0 0 0 -0.0307907 -0.687918 0
27.08	0 0 0 0.0182633 -0.64882 0
27.1	0 0 0 0.0672616 -0.610966 0
27.12	0 0 0 0.116299 -0.574515 0
27.14	0 0 0 0.165506 -0.539597 0
27.16	0 0 0 0.215041 -0.506301 0
27.18	0 0 0 0.265087 -0.474671 0
27.2	0 0 0 0.315836 -0.444697 0
27.22	0 0 0 0.367476 -0.416317 0
27.24	0 0 0 0.420168 -0.389419 0
27.26	0 0 0 0.474037 -0.363855 0
27.28	0 0 0 0.52916 -0.339452 0
27.3	0 0 0 0.585559 -0.316029 0
27.32	0 0 0 0.643208 -0.293409 0
27.34	0 0 0 0.702036 -0.271423 0
27.36	0 0 0 0.761929 -0.249925 0
27.38	0 0 0 0.822746 -0.228783 0
27.4	0 0 0 0.884315 -0.207888 0
27.42	0 0 0 0.946448 -0.18715 0
27.44	0 0 0 1.00894 -0.166495 0
27.46	0 0 0 1.07156 -0.145868 0
27.48	0 0 0 1.1341 -0.125226 0
27.5	0 0 0 1.19632 -0.10454 0
27.52	0 0 0 1.25797 -0.0837926 0
27.54	0 0 0 1.31883 -0.0629749 0
27.56	0 0 0 1.37864 -0.0420879 0
27.58	0 0 0 1.43717 -0.0211397 0
27.6	0 0 0 1.49419 -0.000145326 0
27.62	0 0 0 1.54946 0.0208748 0
27.64	0 0 0 1.60275 0.0418952 0
27.66	0 0 0 1.65384 0.0628859 0
27.68	0 0 0 1.70252 0.0838136 0
27.7	0 0 0 1.74859 0.104642 0
27.72	0 0 0 1.79183 0.125331 0
27.74	0 0 0 1.83208 0.145841 0
27.76	0 0 0 1.86915 0.166129 0
27.78	0 0 0 1.90288 0.186151 0
27.8	0 0 0 1.93311 0.205862 0
27.82	0 0 0 1.95972 0.225218 0
27.84	0 0 0 1.98257 0.244174 0
27.86	0 0 0 2.00155 0.262687 0
27.88	0 0 0 2.01658 0.280711 0
27.9	0 0 0 2.02756 0.298205 0
27.92	0 0 0 2.03444 0.315128 0
27.94	0 0 0 2.03717 0.33144 0
27.96	0 0 0 2.03571 0.347104 0
27.98	0 0 0 2.03005 0.362084 0
28	0 0 0 2.0202 0.376348 0
28.02	0 0 0 2.00616 0.389867 0
28.04	0 0 0 1.98797 0.402612 0
28.06	0 0 0 1.96568 0.414561 0
28.08	0 0 0 1.93936 0.425694 0
28.1	0 0 0 1.9091 0.435993 0
28.12	0 0 0 1.87498 0.445448 0
28.14	0 0 0 1.83712 0.454049 0
28.16	0 0 0 1.79566 0.461793 0
28.18	0 0 0 1.75073 0.468681 0
28.2	0 0 0 1.7025 0.474717 0
28.22	0 0 0 1.65112 0.479914 0
28.24	0 0 0 1.59679 0.484286 0
28.26	0 0 0 1.53969 0.487854 0
28.28	0 0 0 1.48004 0.490646 0
28.3	0 0 0 1.41804 0.492696 0
28.32	0 0 0 1.35391 0.494041 0
28.34	0 0 0 1.2879 0.494728 0
28.36	0 0 0 1.22022 0.49481 0
28.38	0 0 0 1.15113 0.494348 0
28.4	0 0 0 1.08086 0.49341 0
28.42	0 0 0 1.00966 0.492072 0
28.44	0 0 0 0.93778 0.490422 0
28.46	0 0 0 0.865456 0.488557 0
28.48	0 0 0 0.792925 0.486583 0
28.5	0 0 0 0.720416 0.484621 0
28.52	0 0 0 0.648144 0.482805 0
28.54	0 0 0 0.57631 0.481283 0
28.56	0 0 0 0.50509 0.48022 0
28.58	0 0 0 0.434636 0.479795 0
28.6	0 0 0 0.36506 0.480206 0
28.62	0 0 0 0.296431 0.481662 0
28.64	0 0 0 0.228763 0.484381 0
28.66	0 0 0 0.162006 0.488581 0
28.68	0 0 0 0.0960412 0.494459 0
28.7	0 0 0 0.0306877 0.502181 0
28.72	0 0 0 -0.0342872 0.511851 0
28.74	0 0 0 -0.0991409 0.523504 0
28.76	0 0 0 -0.164125 0.537102 0
28.78	0 0 0 -0.229456 0.552535 0
28.8	0 0 0 -0.295301 0.569646 0
28.82	0 0 0 -0.361761 0.58824 0
28.84	0 0 0 -0.428881 0.608107 0
28.86	0 0 0 -0.496649 0.629029 0
28.88	0 0 0 -0.565008 0.650787 0
28.9	0 0 0 -0.633858 0.673168 0
28.92	0 0 0 -0.703071 0.695966 0
28.94	0 0 0 -0.77249 0.718984 0
28.96	0 0 0 -0.84194 0.742032 0
28.98	0 0 0 -0.911228 0.764929 0
29	0 0 0 -0.980149 0.787503 0
29.02	0 0 0 -1.04849 0.809589 0
29.04	0 0 0 -1.11603 0.831031 0
29.06	0 0 0 -1.18254 0.851678 0
29.08	0 0 0 -1.24779 0.871391 0
29.1	0 0 0 -1.31156 0.890034 0
29.12	0 0 0 -1.37362 0.907483 0
29.14	0 0 0 -1.43374 0.923617 0
29.16	0 0 0 -1.4917 0.938326 0
29.18	0 0 0 -1.54729 0.951506 0
29.2	0 0 0 -1.6003 0.963064 0
29.22	0 0 0 -1.65053 0.97291 0
29.24	0 0 0 -1.69779 0.980967 0
29.26	0 0 0 -1.74189 0.987163 0
29.28	0 0 0 -1.78266 0.991437 0
29.3	0 0 0 -1.81994 0.993734 0
29.32	0 0 0 -1.85359 0.99401 0
29.34	0 0 0 -1.88347 0.992228 0
29.36	0 0 0 -1.90946 0.98836 0
29.38	0 0 0 -1.93146 0.982387 0
29.4	0 0 0 -1.94937 0.9743 0
29.42	0 0 0 -1.96312 0.964096 0
29.44	0 0 0 -1.97265 0.951784 0
29.46	0 0 0 -1.97791 0.937378 0
29.48	0 0 0 -1.97889 0.920904 0
29.5	0 0 0 -1.97558 0.902393 0
29.52	0 0 0 -1.96797 0.881886 0
29.54	0 0 0 -1.9561 0.859432 0
29.56	0 0 0 -1.94001 0.835086 0
29.58	0 0 0 -1.91976 0.808911 0
29.6	0 0 0 -1.89542 0.780977 0
29.62	0 0 0 -1.86708 0.751361 0
29.64	0 0 0 -1.83487 0.720144 0
29.66	0 0 0 -1.79889 0.687416 0
29.68	0 0 0 -1.7593 0.653268 0
29.7	0 0 0 -1.71625 0.617799 0
29.72	0 0 0 -1.66992 0.581109 0
29.74	0 0 0 -1.62048 0.543302 0
29.76	0 0 0 -1.56814 0.504486 0
29.78	0 0 0 -1.51311 0.464768 0
29.8	0 0 0 -1.45562 0.424257 0
29.82	0 0 0 -1.3959 0.383061 0
29.84	0 0 0 -1.33419 0.341288 0
29.86	0 0 0 -1.27076 0.299041 0
29.88	0 0 0 -1.20587 0.25642 0
29.9	0 0 0 -1.13979 0.213519 0
29.92	0 0 0 -1.07279 0.170425 0
29.94	0 0 0 -1.00517 0.127213 0
29.96	0 0 0 -0.937213 0.0839465 0
29.98	0 0 0 -0.8692 0.0406737 0
30	0 0 0 -0.801422 -0.00257805 0
30.02	0 0 0 -0.734163 -0.0458055 0
30.04	0 0 0 -0.667698 -0.0890355 0
30.06	0 0 0 -0.602288 -0.132331 0
30.08	0 0 0 -0.538173 -0.1758 0
30.1	0 0 0 -0.475555 -0.219597 0
30.12	0 0 0 -0.414587 -0.263934 0
30.14	0 0 0 -0.355348 -0.309069 0
30.16	0 0 0 -0.297826 -0.355296 0
30.18	0 0 0 -0.2419 -0.402912 0
30.2	0 0 0 -0.187352 -0.452172 0
30.22	0 0 0 -0.133895 -0.50325 0
30.24	0 0 0 -0.0812206 -0.556215 0
30.26	0 0 0 -0.0290387 -0.611032 0
30.28	0 0 0 0.02289 -0.667583 0
30.3	0 0 0 0.0747451 -0.725685 0
30.32	0 0 0 0.126646 -0.785114 0
30.34	0 0 0 0.178657 -0.845619 0
30.36	0 0 0 0.230799 -0.906933 0
30.38	0 0 0 0.283053 -0.968778 0
30.4	0 0 0 0.33537 -1.03087 0
30.42	0 0 0 0.387677 -1.09293 0
30.44	0 0 0 0.43988 -1.15467 0
30.46	0 0 0 0.491869 -1.2158 0
30.48	0 0 0 0.543523 -1.27606 0
30.5	0 0 0 0.59471 -1.33516 0
30.52	0 0 0 0.64529 -1.39284 0
30.54	0 0 0 0.695118 -1.44883 0
30.56	0 0 0 0.744047 -1.50287 0
30.58	0 0 0 0.791926 -1.55473 0
30.6	0 0 0 0.838603 -1.60417 0
30.62	0 0 0 0.883929 -1.65094 0
30.64	0 0 0 0.927752 -1.69485 0
30.66	0 0 0 0.969929 -1.73568 0
30.68	0 0 0 1.01031 -1.77323 0
30.7	0 0 0 1.04877 -1.80734 0
30.72	0 0 0 1.08517 -1.83783 0
30.74	0 0 0 1.11938 -1.86455 0
30.76	0 0 0 1.15128 -1.88736 0
30.78	0 0 0 1.18076 -1.90615 0
30.8	0 0 0 1.20772 -1.92079 0
30.82	0 0 0 1.23207 -1.93122 0
30.84	0 0 0 1.25371 -1.93735 0
30.86	0 0 0 1.27258 -1.93912 0
30.88	0 0 0 1.2886 -1.93651 0
30.9	0 0 0 1.30173 -1.92948 0
30.92	0 0 0 1.31192 -1.91803 0
30.94	0 0 0 1.31914 -1.90219 0
30.96	0 0 0 1.32337 -1.88197 0
30.98	0 0 0 1.3246 -1.85743 0
31	0 0 0 1.32285 -1.82864 0
31.02	0 0 0 1.31811 -1.79567 0
31.04	0 0 0 1.31043 -1.75863 0
31.06	0 0 0 1.29984 -1.71763 0
31.08	0 0 0 1.2864 -1.67281 0
31.1	0 0 0 1.27018 -1.6243 0
31.12	0 0 0 1.25125 -1.57227 0
31.14	0 0 0 1.2297 -1.5169 0
31.16	0 0 0 1.20564 -1.45836 0
31.18	0 0 0 1.17917 -1.39687 0
31.2	0 0 0 1.15044 -1.33263 0
31.22	0 0 0 1.11956 -1.26585 0
31.24	0 0 0 1.0867 -1.19678 0
31.26	0 0 0 1.05201 -1.12563 0
31.28	0 0 0 1.01567 -1.05266 0
31.3	0 0 0 0.977843 -0.978109 0
31.32	0 0 0 0.938734 -0.902227 0
31.34	0 0 0 0.898542 -0.825261 0
31.36	0 0 0 0.857479 -0.747457 0
31.38	0 0 0 0.815768 -0.669059 0
31.4	0 0 0 0.773642 -0.590298 0
31.42	0 0 0 0.731345 -0.511399 0
31.44	0 0 0 0.689134 -0.432564 0
31.46	0 0 0 0.647276 -0.353976 0
31.48	0 0 0 0.606049 -0.275784 0
31.5	0 0 0 0.565743 -0.198096 0
31.52	0 0 0 0.526653 -0.120961 0
31.54	0 0 0 0.489076 -0.0443563 0
31.56	0 0 0 0.45329 0.0318373 0
31.58	0 0 0 0.419532 0.107847 0
31.6	0 0 0 0.38795 0.18401 0
31.62	0 0 0 0.358565 0.260737 0
31.64	0 0 0 0.331242 0.338442 0
31.66	0 0 0 0.30572 0.417457 0
31.68	0 0 0 0.28167 0.497977 0
31.7	0 0 0 0.258761 0.580054 0
31.72	0 0 0 0.236695 0.663621 0
31.74	0 0 0 0.215223 0.74852 0
31.76	0 0 0 0.194149 0.834533 0
31.78	0 0 0 0.173318 0.921396 0
31.8	0 0 0 0.152618 1.00882 0
31.82	0 0 0 0.131963 1.09648 0
31.84	0 0 0 0.111297 1.18407 0
31.86	0 0 0 0.0905807 1.27124 0
31.88	0 0 0 0.0697934 1.35766 0
31.9	0 0 0 0.0489282 1.44298 0
31.92	0 0 0 0.0279891 1.52687 0
31.94	0 0 0 0.0069899 1.60898 0
31.96	0 0 0 -0.014048 1.68898 0
31.98	0 0 0 -0.0350964 1.76655 0
32	0 0 0 -0.0561219 1.84136 0
32.02	0 0 0 -0.0770865 1.91311 0
32.04	0 0 0 -0.0979485 1.98148 0
32.06	0 0 0 -0.118663 2.04621 0
32.08	0 0 0 -0.139184 2.107 0
32.1	0 0 0 -0.159461 2.1636 0
32.12	0 0 0 -0.179445 2.21576 0
32.14	0 0 0 -0.199085 2.26326 0
32.16	0 0 0 -0.218331 2.30588 0
32.18	0 0 0 -0.23713 2.34343 0
32.2	0 0 0 -0.255434 2.37575 0
32.22	0 0 0 -0.273191 2.40266 0
32.24	0 0 0 -0.290355 2.42406 0
32.26	0 0 0 -0.306877 2.43981 0
32.28	0 0 0 -0.322714 2.44984 0
32.3	0 0 0 -0.337823 2.45408 0
32.32	0 0 0 -0.352163 2.45249 0
32.34	0 0 0 -0.365697 2.44504 0
32.36	0 0 0 -0.378391 2.43175 0
32.38	0 0 0 -0.390214 2.41262 0
32.4	0 0 0 -0.401139 2.38773 0
32.42	0 0 0 -0.411141 2.35713 0
32.44	0 0 0 -0.420202 2.32093 0
32.46	0 0 0 -0.428305 2.27924 0
32.48	0 0 0 -0.43544 2.2322 0
32.5	0 0 0 -0.4416 2.17997 0
32.52	0 0 0 -0.446785 2.12274 0
32.54	0 0 0 -0.450997 2.06071 0
32.56	0 0 0 -0.454246 1.99411 0
32.58	0 0 0 -0.456547 1.92317 0
32.6	0 0 0 -0.457918 1.84815 0
32.62	0 0 0 -0.458388 1.76934 0
32.64	0 0 0 -0.457988 1.68701 0
32.66	0 0 0 -0.456757 1.60148 0
32.68	0 0 0 -0.454742 1.51306 0
32.7	0 0 0 -0.451998 1.42208 0
32.72	0 0 0 -0.448586 1.32888 0
32.74	0 0 0 -0.444577 1.2338 0
32.76	0 0 0 -0.440054 1.1372 0
32.78	0 0 0 -0.435108 1.03942 0
32.8	0 0 0 -0.429845 0.94083 0
32.82	0 0 0 -0.424387 0.841769 0
32.84	0 0 0 -0.418871 0.742583 0
32.86	0 0 0 -0.413459 0.643601 0
32.88	0 0 0 -0.408336 0.545134 0
32.9	0 0 0 -0.403722 0.447457 0
32.92	0 0 0 -0.399872 0.350801 0
32.94	0 0 0 -0.397087 0.255325 0
32.96	0 0 0 -0.395709 0.161084 0
32.98	0 0 0 -0.396108 0.0679853 0
33	0 0 0 -0.398628 -0.02425 0
33.02	0 0 0 -0.403506 -0.116081 0
33.04	0 0 0 -0.410783 -0.208057 0
33.06	0 0 0 -0.420289 -0.300675 0
33.08	0 0 0 -0.431721 -0.394268 0
33.1	0 0 0 -0.444725 -0.488986 0
33.12	0 0 0 -0.458956 -0.584824 0
33.14	0 0 0 -0.474099 -0.681665 0
33.16	0 0 0 -0.489875 -0.779314 0
33.18	0 0 0 -0.506039 -0.87752 0
33.2	0 0 0 -0.522373 -0.975995 0
33.22	0 0 0 -0.53868 -1.07443 0
33.24	0 0 0 -0.554786 -1.17248 0
33.26	0 0 0 -0.57053 -1.26981 0
33.28	0 0 0 -0.585765 -1.36607 0
33.3	0 0 0 -0.600357 -1.46089 0
33.32	0 0 0 -0.614183 -1.55393 0
33.34	0 0 0 -0.627128 -1.64482 0
33.36	0 0 0 -0.639087 -1.73322 0
33.38	0 0 0 -0.649962 -1.81878 0
33.4	0 0 0 -0.659664 -1.90116 0
33.42	0 0 0 -0.668113 -1.98003 0
33.44	0 0 0 -0.675234 -2.05507 0
33.46	0 0 0 -0.680961 -2.12598 0
33.48	0 0 0 -0.685237 -2.19247 0
33.5	0 0 0 -0.688008 -2.25427 0
33.52	0 0 0 -0.689232 -2.31112 0
33.54	0 0 0 -0.688872 -2.36277 0
33.56	0 0 0 -0.686898 -2.40902 0
33.58	0 0 0 -0.683287 -2.44965 0
33.6	0 0 0 -0.678026 -2.48449 0
33.62	0 0 0 -0.671107 -2.51339 0
33.64	0 0 0 -0.662529 -2.53621 0
33.66	0 0 0 -0.652298 -2.55284 0
33.68	0 0 0 -0.640428 -2.56319 0
33.7	0 0 0 -0.626939 -2.56721 0
33.72	0 0 0 -0.611858 -2.56486 0
33.74	0 0 0 -0.595218 -2.55612 0
33.76	0 0 0 -0.577059 -2.54102 0
33.78	0 0 0 -0.557426 -2.51958 0
33.8	0 0 0 -0.536371 -2.49189 0
33.82	0 0 0 -0.51395 -2.45802 0
33.84	0 0 0 -0.490225 -2.41809 0
33.86	0 0 0 -0.465264 -2.37225 0
33.88	0 0 0 -0.439136 -2.32065 0
33.9	0 0 0 -0.411916 -2.26349 0
33.92	0 0 0 -0.383685 -2.20098 0
33.94	0 0 0 -0.354521 -2.13335 0
33.96	0 0 0 -0.32451 -2.06085 0
33.98	0 0 0 -0.293736 -1.98377 0
34	0 0 0 -0.262287 -1.9024 0
34.02	0 0 0 -0.230248 -1.81705 0
34.04	0 0 0 -0.197707 -1.72805 0
34.06	0 0 0 -0.164747 -1.63575 0
34.08	0 0 0 -0.131452 -1.54051 0
34.1	0 0 0 -0.0978981 -1.44271 0
34.12	0 0 0 -0.0641586 -1.34274 0
34.14	0 0 0 -0.0302983 -1.24098 0
34.16	0 0 0 0.00362777 -1.13785 0
34.18	0 0 0 0.0375774 -1.03375 0
34.2	0 0 0 0.0715252 -0.929105 0
34.22	0 0 0 0.105468 -0.824319 0
34.24	0 0 0 0.139432 -0.719804 0
34.26	0 0 0 0.173481 -0.61596 0
34.28	0 0 0 0.207734 -0.513164 0
34.3	0 0 0 0.242377 -0.411754 0
34.32	0 0 0 0.27769 -0.312 0
34.34	0 0 0 0.314062 -0.214045 0
34.36	0 0 0 0.351983 -0.11783 0
34.38	0 0 0 0.391954 -0.0230121 0
34.4	0 0 0 0.434309 0.0710076 0
34.42	0 0 0 0.47909 0.164885 0
34.44	0 0 0 0.526081 0.259124 0
34.46	0 0 0 0.574938 0.354004 0
34.48	0 0 0 0.625279 0.449616 0
34.5	0 0 0 0.676726 0.545909 0
34.52	0 0 0 0.72892 0.642739 0
34.54	0 0 0 0.78152 0.739897 0
34.56	0 0 0 0.834205 0.837129 0
34.58	0 0 0 0.886668 0.934151 0
34.6	0 0 0 0.938618 1.03066 0
34.62	0 0 0 0.989775 1.12633 0
34.64	0 0 0 1.03987 1.22084 0
34.66	0 0 0 1.08865 1.31384 0
34.68	0 0 0 1.13586 1.40501 0
34.7	0 0 0 1.18127 1.494 0
34.72	0 0 0 1.22465 1.58049 0
34.74	0 0 0 1.26579 1.66413 0
34.76	0 0 0 1.30447 1.74462 0
34.78	0 0 0 1.34052 1.82163 0
34.8	0 0 0 1.37374 1.89487 0
34.82	0 0 0 1.40397 1.96404 0
34.84	0 0 0 1.43106 2.02887 0
34.86	0 0 0 1.45485 2.0891 0
34.88	0 0 0 1.47523 2.14448 0
34.9	0 0 0 1.49207 2.19479 0
34.92	0 0 0 1.50528 2.23982 0
34.94	0 0 0 1.51477 2.27937 0
34.96	0 0 0 1.52047 2.31329 0
34.98	0 0 0 1.52233 2.34141 0
35	0 0 0 1.5203 2.36363 0
35.02	0 0 0 1.51436 2.37984 0
35.04	0 0 0 1.5045 2.38996 0
35.06	0 0 0 1.49074 2.39393 0
35.08	0 0 0 1.47308 2.39173 0
35.1	0 0 0 1.45158 2.38334 0
35.12	0 0 0 1.42628 2.3688 0
35.14	0 0 0 1.39726 2.34814 0
35.16	0 0 0 1.3646 2.32143 0
35.18	0 0 0 1.32839 2.28876 0
35.2	0 0 0 1.28875 2.25026 0
35.22	0 0 0 1.2458 2.20606 0
35.24	0 0 0 1.19969 2.15633 0
35.26	0 0 0 1.15056 2.10127 0
35.28	0 0 0 1.09858 2.04107 0
35.3	0 0 0 1.04392 1.97597 0
35.32	0 0 0 0.986757 1.90623 0
35.34	0 0 0 0.927287 1.83213 0
35.36	0 0 0 0.86571 1.75395 0
35.38	0 0 0 0.80223 1.67201 0
35.4	0 0 0 0.737057 1.58665 0
35.42	0 0 0 0.670406 1.4982 0
35.44	0 0 0 0.602492 1.40703 0
35.46	0 0 0 0.53353 1.31353 0
35.48	0 0 0 0.463732 1.21807 0
35.5	0 0 0 0.393306 1.12106 0
35.52	0 0 0 0.322448 1.02292 0
35.54	0 0 0 0.251341 0.924067 0
35.56	0 0 0 0.180147 0.824939 0
35.58	0 0 0 0.108997 0.725975 0
35.6	0 0 0 0.0379797 0.627619 0
35.62	0 0 0 -0.0328795 0.530314 0
35.64	0 0 0 -0.103649 0.434492 0
35.66	0 0 0 -0.174534 0.340541 0
35.68	0 0 0 -0.245933 0.248743 0
35.7	0 0 0 -0.318459 0.159142 0
35.72	0 0 0 -0.392813 0.0713906 0
35.74	0 0 0 -0.469471 -0.0152091 0
35.76	0 0 0 -0.548493 -0.101379 0
35.78	0 0 0 -0.629636 -0.187618 0
35.8	0 0 0 -0.712517 -0.274178 0
35.82	0 0 0 -0.796714 -0.36113 0
35.84	0 0 0 -0.881794 -0.448422 0
35.86	0 0 0 -0.96733 -0.535921 0
35.88	0 0 0 -1.0529 -0.623439 0
35.9	0 0 0 -1.13811 -0.710752 0
35.92	0 0 0 -1.22254 -0.797609 0
35.94	0 0 0 -1.30582 -0.883742 0
35.96	0 0 0 -1.38755 -0.968871 0
35.98	0 0 0 -1.46738 -1.05271 0
36	0 0 0 -1.54493 -1.13496 0
36.02	0 0 0 -1.61986 -1.21533 0
36.04	0 0 0 -1.69184 -1.29352 0
36.06	0 0 0 -1.76054 -1.36926 0
36.08	0 0 0 -1.82565 -1.44226 0
36.1	0 0 0 -1.88687 -1.51223 0
36.12	0 0 0 -1.94393 -1.57891 0
36.14	0 0 0 -1.99656 -1.64205 0
36.16	0 0 0 -2.04453 -1.70139 0
36.18	0 0 0 -2.08759 -1.7567 0
36.2	0 0 0 -2.12555 -1.80777 0
36.22	0 0 0 -2.15823 -1.85439 0
36.24	0 0 0 -2.18544 -1.89636 0
36.26	0 0 0 -2.20706 -1.93353 0
36.28	0 0 0 -2.22296 -1.96573 0
36.3	0 0 0 -2.23304 -1.99283 0
36.32	0 0 0 -2.23722 -2.01472 0
36.34	0 0 0 -2.23546 -2.03131 0
36.36	0 0 0 -2.22772 -2.04251 0
36.38	0 0 0 -2.21399 -2.04827 0
36.4	0 0 0 -2.19431 -2.04857 0
36.42	0 0 0 -2.1687 -2.04339 0
36.44	0 0 0 -2.13724 -2.03275 0
36.46	0 0 0 -2.10002 -2.01667 0
36.48	0 0 0 -2.05715 -1.99522 0
36.5	0 0 0 -2.00876 -1.96848 0
36.52	0 0 0 -1.95502 -1.93654 0
36.54	0 0 0 -1.89609 -1.89953 0
36.56	0 0 0 -1.83219 -1.85758 0
36.58	0 0 0 -1.76353 -1.81087 0
36.6	0 0 0 -1.69035 -1.75957 0
36.62	0 0 0 -1.61291 -1.7039 0
36.64	0 0 0 -1.53147 -1.64407 0
36.66	0 0 0 -1.44634 -1.58034 0
36.68	0 0 0 -1.3578 -1.51295 0
36.7	0 0 0 -1.26619 -1.44219 0
36.72	0 0 0 -1.17181 -1.36836 0
36.74	0 0 0 -1.075 -1.29176 0
36.76	0 0 0 -0.976111 -1.21273 0
36.78	0 0 0 -0.87548 -1.13161 0
36.8	0 0 0 -0.773452 -1.04875 0
36.82	0 0 0 -0.67037 -0.964533 0
36.84	0 0 0 -0.566568 -0.879336 0
36.86	0 0 0 -0.462367 -0.793567 0
36.88	0 0 0 -0.358067 -0.707642 0
36.9	0 0 0 -0.253931 -0.621999 0
36.92	0 0 0 -0.150169 -0.537095 0
36.94	0 0 0 -0.0469028 -0.453406 0
36.96	0 0 0 0.055887 -0.371421 0
36.98	0 0 0 0.158453 -0.291601 0
37	0 0 0 0.26139 -0.214251 0
37.02	0 0 0 0.365604 -0.139249 0
37.04	0 0 0 0.471865 -0.0659258 0
37.06	0 0 0 0.580402 0.00653073 0
37.08	0 0 0 0.691013 0.0786974 0
37.1	0 0 0 0.803302 0.150883 0
37.12	0 0 0 0.916802 0.223206 0
37.14	0 0 0 1.03102 0.295665 0
37.16	0 0 0 1.14546 0.368176 0
37.18	0 0 0 1.25961 0.440608 0
37.2	0 0 0 1.373 0.512791 0
37.22	0 0 0 1.48512 0.584532 0
37.24	0 0 0 1.5955 0.655622 0
37.26	0 0 0 1.70365 0.725838 0
37.28	0 0 0 1.80913 0.794953 0
37.3	0 0 0 1.91147 0.862731 0
37.32	0 0 0 2.01024 0.92894 0
37.34	0 0 0 2.105 0.993342 0
37.36	0 0 0 2.19536 1.05571 0
37.38	0 0 0 2.28092 1.11581 0
37.4	0 0 0 2.36129 1.17341 0
37.42	0 0 0 2.43614 1.22832 0
37.44	0 0 0 2.50512 1.28031 0
37.46	0 0 0 2.56794 1.32919 0
37.48	0 0 0 2.62429 1.37476 0
37.5	0 0 0 2.67392 1.41686 0
37.52	0 0 0 2.7166 1.45532 0
37.54	0 0 0 2.75212 1.48998 0
37.56	0 0 0 2.7803 1.52071 0
37.58	0 0 0 2.80098 1.54738 0
37.6	0 0 0 2.81406 1.56989 0
37.62	0 0 0 2.81943 1.58815 0
37.64	0 0 0 2.81704 1.60207 0
37.66	0 0 0 2.80685 1.61161 0
37.68	0 0 0 2.78888 1.61671 0
37.7	0 0 0 2.76315 1.61736 0
37.72	0 0 0 2.72972 1.61355 0
37.74	0 0 0 2.68869 1.60529 0
37.76	0 0 0 2.64019 1.59261 0
37.78	0 0 0 2.58436 1.57556 0
37.8	0 0 0 2.5214 1.5542 0
37.82	0 0 0 2.45152 1.52863 0
37.84	0 0 0 2.37496 1.49894 0
37.86	0 0 0 2.29198 1.46524 0
37.88	0 0 0 2.20289 1.42769 0
37.9	0 0 0 2.108 1.38644 0
37.92	0 0 0 2.00766 1.34164 0
37.94	0 0 0 1.90222 1.2935 0
37.96	0 0 0 1.79208 1.24222 0
37.98	0 0 0 1.67764 1.18801 0
38	0 0 0 1.55932 1.13111 0
38.02	0 0 0 1.43755 1.07177 0
38.04	0 0 0 1.31279 1.01025 0
38.06	0 0 0 1.18547 0.946841 0
38.08	0 0 0 1.05608 0.881827 0
38.1	0 0 0 0.925075 0.815522 0
38.12	0 0 0 0.792913 0.748254 0
38.14	0 0 0 0.660052 0.680369 0
38.16	0 0 0 0.526928 0.612236 0
38.18	0 0 0 0.393949 0.544253 0
38.2	0 0 0 0.261471 0.476853 0
38.22	0 0 0 0.129763 0.410516 0
38.24	0 0 0 -0.00106762 0.345778 0
38.26	0 0 0 -0.131212 0.283213 0
38.28	0 0 0 -0.261364 0.223264 0
38.3	0 0 0 -0.392673 0.165812 0
38.32	0 0 0 -0.525978 0.110065 0
38.34	0 0 0 -0.661397 0.0552112 0
38.36	0 0 0 -0.798627 0.000736034 0
38.38	0 0 0 -0.937198 -0.0536272 0
38.4	0 0 0 -1.07657 -0.10799 0
38.42	0 0 0 -1.2162 -0.162366 0
38.44	0 0 0 -1.35549 -0.21671 0
38.46	0 0 0 -1.49388 -0.270934 0
38.48	0 0 0 -1.63081 -0.324922 0
38.5	0 0 0 -1.76569 -0.37854 0
38.52	0 0 0 -1.89797 -0.431641 0
38.54	0 0 0 -2.0271 -0.484065 0
38.56	0 0 0 -2.15254 -0.53565 0
38.58	0 0 0 -2.27377 -0.586228 0
38.6	0 0 0 -2.39026 -0.635629 0
38.62	0 0 0 -2.50153 -0.683684 0
38.64	0 0 0 -2.60711 -0.730225 0
38.66	0 0 0 -2.70653 -0.775085 0
38.68	0 0 0 -2.79939 -0.818103 0
38.7	0 0 0 -2.88526 -0.859122 0
38.72	0 0 0 -2.96377 -0.897991 0
38.74	0 0 0 -3.03458 -0.934564 0
38.76	0 0 0 -3.09735 -0.968706 0
38.78	0 0 0 -3.15182 -1.00029 0
38.8	0 0 0 -3.19771 -1.02919 0
38.82	0 0 0 -3.23481 -1.0553 0
38.84	0 0 0 -3.26292 -1.07851 0
38.86	0 0 0 -3.2819 -1.09875 0
38.88	0 0 0 -3.29162 -1.11593 0
38.9	0 0 0 -3.29201 -1.12998 0
38.92	0 0 0 -3.28302 -1.14085 0
38.94	0 0 0 -3.26464 -1.14851 0
38.96	0 0 0 -3.23692 -1.15291 0
38.98	0 0 0 -3.1999 -1.15404 0
39	0 0 0 -3.15371 -1.15191 0
39.02	0 0 0 -3.09848 -1.14652 0
39.04	0 0 0 -3.03439 -1.13789 0
39.06	0 0 0 -2.96166 -1.12606 0
39.08	0 0 0 -2.88054 -1.11109 0
39.1	0 0 0 -2.79131 -1.09303 0
39.12	0 0 0 -2.69429 -1.07197 0
39.14	0 0 0 -2.58983 -1.04799 0
39.16	0 0 0 -2.47831 -1.02121 0
39.18	0 0 0 -2.36014 -0.991735 0
39.2	0 0 0 -2.23575 -0.959699 0
39.22	0 0 0 -2.10561 -0.925245 0
39.24	0 0 0 -1.9702 -0.88853 0
39.26	0 0 0 -1.83003 -0.849724 0
39.28	0 0 0 -1.68563 -0.809007 0
39.3	0 0 0 -1.53754 -0.766577 0
39.32	0 0 0 -1.38631 -0.722641 0
39.34	0 0 0 -1.2325 -0.677423 0
39.36	0 0 0 -1.07671 -0.631164 0
39.38	0 0 0 -0.919481 -0.584122 0
39.4	0 0 0 -0.761401 -0.536578 0
39.42	0 0 0 -0.603019 -0.488843 0
39.44	0 0 0 -0.444861 -0.441265 0
39.46	0 0 0 -0.287399 -0.394251 0
39.48	0 0 0 -0.130997 -0.348289 0
39.5	0 0 0 0.0241989 -0.303983 0
39.52	0 0 0 0.17851 -0.262026 0
39.54	0 0 0 0.333042 -0.222842 0
39.56	0 0 0 0.489112 -0.185915 0
39.58	0 0 0 0.647174 -0.150321 0
39.6	0 0 0 0.807019 -0.115405 0
39.62	0 0 0 0.968172 -0.0807922 0
39.64	0 0 0 1.13006 -0.0462842 0
39.66	0 0 0 1.29205 -0.0117857 0
39.68	0 0 0 1.45353 0.0227343 0
39.7	0 0 0 1.61383 0.0572649 0
39.72	0 0 0 1.77232 0.0917671 0
39.74	0 0 0 1.92836 0.126182 0
39.76	0 0 0 2.0813 0.160437 0
39.78	0 0 0 2.23051 0.194448 0
39.8	0 0 0 2.37539 0.228125 0
39.82	0 0 0 2.51533 0.261372 0
39.84	0 0 0 2.64976 0.294088 0
39.86	0 0 0 2.7781 0.326172 0
39.88	0 0 0 2.89981 0.357521 0
39.9	0 0 0 3.01439 0.388032 0
39.92	0 0 0 3.12134 0.417603 0
39.94	0 0 0 3.22019 0.446132 0
39.96	0 0 0 3.31053 0.473521 0
39.98	0 0 0 3.39195 0.499674 0
